EURUSD,15,20210101,000000,1.2215400,1.2227900,1.2213000,1.2225000
EURUSD,15,20210101,001500,1.2226200,1.2227300,1.2218000,1.2219400
EURUSD,15,20210101,003000,1.2219700,1.2221400,1.2217000,1.2218200
EURUSD,15,20210101,004500,1.2218500,1.2219600,1.2212600,1.2213800
EURUSD,15,20210101,010000,1.2215000,1.2215000,1.2213800,1.2213800
EURUSD,15,20210101,011500,1.2213800,1.2213800,1.2213800,1.2213800
EURUSD,15,20210101,013000,1.2213800,1.2213800,1.2213800,1.2213800
EURUSD,15,20210101,014500,1.2213800,1.2213800,1.2213800,1.2213800
EURUSD,15,20210101,020000,1.2213800,1.2213800,1.2213800,1.2213800
EURUSD,15,20210101,021500,1.2213800,1.2213800,1.2213800,1.2213800
EURUSD,15,20210101,023000,1.2213800,1.2213800,1.2213800,1.2213800
EURUSD,15,20210101,024500,1.2213800,1.2213800,1.2213800,1.2213800
EURUSD,15,20210101,030000,1.2213800,1.2213800,1.2213800,1.2213800
EURUSD,15,20210101,031500,1.2213800,1.2213800,1.2213800,1.2213800
EURUSD,15,20210101,033000,1.2213800,1.2213800,1.2213800,1.2213800
EURUSD,15,20210101,034500,1.2213800,1.2213800,1.2213800,1.2213800
EURUSD,15,20210101,040000,1.2213800,1.2213800,1.2213800,1.2213800
EURUSD,15,20210101,041500,1.2213800,1.2213800,1.2213800,1.2213800
EURUSD,15,20210101,043000,1.2213800,1.2213800,1.2213800,1.2213800
EURUSD,15,20210101,044500,1.2213800,1.2213800,1.2213800,1.2213800
EURUSD,15,20210101,050000,1.2213800,1.2213800,1.2213800,1.2213800
EURUSD,15,20210101,051500,1.2213800,1.2213800,1.2213800,1.2213800
EURUSD,15,20210101,053000,1.2213800,1.2213800,1.2213800,1.2213800
EURUSD,15,20210101,054500,1.2213800,1.2213800,1.2213800,1.2213800
EURUSD,15,20210101,060000,1.2213800,1.2213800,1.2213800,1.2213800
EURUSD,15,20210101,061500,1.2213800,1.2213800,1.2213800,1.2213800
EURUSD,15,20210101,063000,1.2213800,1.2213800,1.2213800,1.2213800
EURUSD,15,20210101,064500,1.2213800,1.2213800,1.2213800,1.2213800
EURUSD,15,20210101,070000,1.2213800,1.2213800,1.2213800,1.2213800
EURUSD,15,20210101,071500,1.2213800,1.2213800,1.2213800,1.2213800
EURUSD,15,20210101,073000,1.2213800,1.2213800,1.2213800,1.2213800
EURUSD,15,20210101,074500,1.2213800,1.2213800,1.2213800,1.2213800
EURUSD,15,20210101,080000,1.2213800,1.2213800,1.2213800,1.2213800
EURUSD,15,20210101,081500,1.2213800,1.2213800,1.2213800,1.2213800
EURUSD,15,20210101,083000,1.2213800,1.2213800,1.2213800,1.2213800
EURUSD,15,20210101,084500,1.2213800,1.2213800,1.2213800,1.2213800
EURUSD,15,20210101,090000,1.2213800,1.2213800,1.2213800,1.2213800
EURUSD,15,20210101,091500,1.2213800,1.2213800,1.2213800,1.2213800
EURUSD,15,20210101,093000,1.2213800,1.2213800,1.2213800,1.2213800
EURUSD,15,20210101,094500,1.2213800,1.2213800,1.2213800,1.2213800
EURUSD,15,20210101,100000,1.2213800,1.2213800,1.2213800,1.2213800
EURUSD,15,20210101,101500,1.2213800,1.2213800,1.2213800,1.2213800
EURUSD,15,20210101,103000,1.2213800,1.2213800,1.2213800,1.2213800
EURUSD,15,20210101,104500,1.2213800,1.2213800,1.2213800,1.2213800
EURUSD,15,20210101,110000,1.2213800,1.2213800,1.2213800,1.2213800
EURUSD,15,20210101,111500,1.2213800,1.2213800,1.2213800,1.2213800
EURUSD,15,20210101,113000,1.2213800,1.2213800,1.2213800,1.2213800
EURUSD,15,20210101,114500,1.2213800,1.2213800,1.2213800,1.2213800
EURUSD,15,20210101,120000,1.2213800,1.2213800,1.2213800,1.2213800
EURUSD,15,20210101,121500,1.2213800,1.2213800,1.2213800,1.2213800
EURUSD,15,20210101,123000,1.2213800,1.2213800,1.2213800,1.2213800
EURUSD,15,20210101,124500,1.2213800,1.2213800,1.2213800,1.2213800
EURUSD,15,20210101,130000,1.2213800,1.2213800,1.2213800,1.2213800
EURUSD,15,20210101,131500,1.2213800,1.2213800,1.2213800,1.2213800
EURUSD,15,20210101,133000,1.2213800,1.2213800,1.2213800,1.2213800
EURUSD,15,20210101,134500,1.2213800,1.2213800,1.2213800,1.2213800
EURUSD,15,20210101,140000,1.2213800,1.2213800,1.2213800,1.2213800
EURUSD,15,20210101,141500,1.2213800,1.2213800,1.2213800,1.2213800
EURUSD,15,20210101,143000,1.2213800,1.2213800,1.2213800,1.2213800
EURUSD,15,20210101,144500,1.2213800,1.2213800,1.2213800,1.2213800
EURUSD,15,20210101,150000,1.2213800,1.2213800,1.2213800,1.2213800
EURUSD,15,20210101,151500,1.2213800,1.2213800,1.2213800,1.2213800
EURUSD,15,20210101,153000,1.2213800,1.2213800,1.2213800,1.2213800
EURUSD,15,20210101,154500,1.2213800,1.2213800,1.2213800,1.2213800
EURUSD,15,20210101,160000,1.2213800,1.2213800,1.2213800,1.2213800
EURUSD,15,20210101,161500,1.2213800,1.2213800,1.2213800,1.2213800
EURUSD,15,20210101,163000,1.2213800,1.2213800,1.2213800,1.2213800
EURUSD,15,20210101,164500,1.2213800,1.2213800,1.2213800,1.2213800
EURUSD,15,20210101,170000,1.2213800,1.2213800,1.2213800,1.2213800
EURUSD,15,20210101,171500,1.2213800,1.2213800,1.2213800,1.2213800
EURUSD,15,20210101,173000,1.2213800,1.2213800,1.2213800,1.2213800
EURUSD,15,20210101,174500,1.2213800,1.2213800,1.2213800,1.2213800
EURUSD,15,20210101,180000,1.2213800,1.2213800,1.2213800,1.2213800
EURUSD,15,20210101,181500,1.2213800,1.2213800,1.2213800,1.2213800
EURUSD,15,20210101,183000,1.2213800,1.2213800,1.2213800,1.2213800
EURUSD,15,20210101,184500,1.2213800,1.2213800,1.2213800,1.2213800
EURUSD,15,20210101,190000,1.2213800,1.2213800,1.2213800,1.2213800
EURUSD,15,20210101,191500,1.2213800,1.2213800,1.2213800,1.2213800
EURUSD,15,20210101,193000,1.2213800,1.2213800,1.2213800,1.2213800
EURUSD,15,20210101,194500,1.2213800,1.2213800,1.2213800,1.2213800
EURUSD,15,20210101,200000,1.2213800,1.2213800,1.2213800,1.2213800
EURUSD,15,20210101,201500,1.2213800,1.2213800,1.2213800,1.2213800
EURUSD,15,20210101,203000,1.2213800,1.2213800,1.2213800,1.2213800
EURUSD,15,20210101,204500,1.2213800,1.2213800,1.2213800,1.2213800
EURUSD,15,20210101,210000,1.2213800,1.2213800,1.2213800,1.2213800
EURUSD,15,20210101,211500,1.2213800,1.2213800,1.2213800,1.2213800
EURUSD,15,20210101,213000,1.2213800,1.2213800,1.2213800,1.2213800
EURUSD,15,20210101,214500,1.2213800,1.2213800,1.2213800,1.2213800
EURUSD,15,20210101,220000,1.2213800,1.2213800,1.2213800,1.2213800
EURUSD,15,20210101,221500,1.2213800,1.2213800,1.2213800,1.2213800
EURUSD,15,20210101,223000,1.2213800,1.2213800,1.2213800,1.2213800
EURUSD,15,20210101,224500,1.2213800,1.2213800,1.2213800,1.2213800
EURUSD,15,20210101,230000,1.2213800,1.2213800,1.2213800,1.2213800
EURUSD,15,20210101,231500,1.2213800,1.2213800,1.2213800,1.2213800
EURUSD,15,20210101,233000,1.2213800,1.2213800,1.2213800,1.2213800
EURUSD,15,20210101,234500,1.2213800,1.2213800,1.2213800,1.2213800
EURUSD,15,20210102,000000,1.2213800,1.2213800,1.2213800,1.2213800
EURUSD,15,20210102,001500,1.2213800,1.2213800,1.2213800,1.2213800
EURUSD,15,20210102,003000,1.2213800,1.2213800,1.2213800,1.2213800
EURUSD,15,20210102,004500,1.2213800,1.2213800,1.2213800,1.2213800
EURUSD,15,20210102,010000,1.2213800,1.2213800,1.2213800,1.2213800
EURUSD,15,20210102,011500,1.2213800,1.2213800,1.2213800,1.2213800
EURUSD,15,20210102,013000,1.2213800,1.2213800,1.2213800,1.2213800
EURUSD,15,20210102,014500,1.2213800,1.2213800,1.2213800,1.2213800
EURUSD,15,20210103,214500,1.2240900,1.2240900,1.2240800,1.2240800
EURUSD,15,20210103,220000,1.2240800,1.2246400,1.2239400,1.2241600
EURUSD,15,20210103,233000,1.2229700,1.2232900,1.2229700,1.2232500
EURUSD,15,20210103,234500,1.2232600,1.2237800,1.2231300,1.2237100
EURUSD,15,20210104,000000,1.2238100,1.2243200,1.2237300,1.2240700
EURUSD,15,20210104,001500,1.2243000,1.2243000,1.2237000,1.2238000
EURUSD,15,20210104,003000,1.2238000,1.2238000,1.2238000,1.2238000
EURUSD,15,20210104,004500,1.2238000,1.2240000,1.2236000,1.2239100
EURUSD,15,20210104,010000,1.2238600,1.2242000,1.2229300,1.2230600
EURUSD,15,20210104,011500,1.2230400,1.2238700,1.2230200,1.2235700
EURUSD,15,20210104,013000,1.2235700,1.2240000,1.2231100,1.2233600
EURUSD,15,20210104,014500,1.2233500,1.2235200,1.2230000,1.2232000
EURUSD,15,20210104,020000,1.2233600,1.2241400,1.2229000,1.2237000
EURUSD,15,20210104,021500,1.2239300,1.2240600,1.2232000,1.2239600
EURUSD,15,20210104,023000,1.2239800,1.2248300,1.2237000,1.2246000
EURUSD,15,20210104,024500,1.2246100,1.2252700,1.2241600,1.2249900
EURUSD,15,20210104,030000,1.2249600,1.2250000,1.2241000,1.2245400
EURUSD,15,20210104,031500,1.2245400,1.2247500,1.2239000,1.2245200
EURUSD,15,20210104,033000,1.2245400,1.2245600,1.2237000,1.2240000
EURUSD,15,20210104,034500,1.2241100,1.2244100,1.2238000,1.2240400
EURUSD,15,20210104,040000,1.2240700,1.2250400,1.2238000,1.2247600
EURUSD,15,20210104,041500,1.2246900,1.2248800,1.2241000,1.2244500
EURUSD,15,20210104,043000,1.2243600,1.2255200,1.2240000,1.2249300
EURUSD,15,20210104,044500,1.2250100,1.2255700,1.2247000,1.2251700
EURUSD,15,20210104,050000,1.2252500,1.2258300,1.2249000,1.2256000
EURUSD,15,20210104,051500,1.2256000,1.2257900,1.2249000,1.2254700
EURUSD,15,20210104,053000,1.2254700,1.2258500,1.2248000,1.2251100
EURUSD,15,20210104,054500,1.2251900,1.2254400,1.2249000,1.2253800
EURUSD,15,20210104,060000,1.2254100,1.2255400,1.2248000,1.2253900
EURUSD,15,20210104,061500,1.2254000,1.2258000,1.2251000,1.2257200
EURUSD,15,20210104,063000,1.2257300,1.2257600,1.2247000,1.2253200
EURUSD,15,20210104,064500,1.2253800,1.2257800,1.2250000,1.2254700
EURUSD,15,20210104,070000,1.2254600,1.2255100,1.2249000,1.2250900
EURUSD,15,20210104,071500,1.2251000,1.2251700,1.2247000,1.2248000
EURUSD,15,20210104,073000,1.2248700,1.2250100,1.2242000,1.2245700
EURUSD,15,20210104,074500,1.2246400,1.2249000,1.2243000,1.2248200
EURUSD,15,20210104,080000,1.2248900,1.2249600,1.2245000,1.2246300
EURUSD,15,20210104,081500,1.2246100,1.2246800,1.2240000,1.2244500
EURUSD,15,20210104,083000,1.2244000,1.2248200,1.2243000,1.2245200
EURUSD,15,20210104,084500,1.2245800,1.2259300,1.2244000,1.2255000
EURUSD,15,20210104,090000,1.2255100,1.2256500,1.2245000,1.2246200
EURUSD,15,20210104,091500,1.2246200,1.2247800,1.2240000,1.2245400
EURUSD,15,20210104,093000,1.2244500,1.2253000,1.2244000,1.2250900
EURUSD,15,20210104,094500,1.2250100,1.2257800,1.2249000,1.2255100
EURUSD,15,20210104,100000,1.2255900,1.2266100,1.2253000,1.2261900
EURUSD,15,20210104,101500,1.2262900,1.2268500,1.2258000,1.2265200
EURUSD,15,20210104,103000,1.2265100,1.2268200,1.2262000,1.2266100
EURUSD,15,20210104,104500,1.2266900,1.2269100,1.2255000,1.2262800
EURUSD,15,20210104,110000,1.2263600,1.2271100,1.2260000,1.2268800
EURUSD,15,20210104,111500,1.2269200,1.2274300,1.2264000,1.2272200
EURUSD,15,20210104,113000,1.2272000,1.2286300,1.2269000,1.2284600
EURUSD,15,20210104,114500,1.2284900,1.2285400,1.2278000,1.2281300
EURUSD,15,20210104,120000,1.2281000,1.2286000,1.2277000,1.2281300
EURUSD,15,20210104,121500,1.2281300,1.2295300,1.2281000,1.2294100
EURUSD,15,20210104,123000,1.2294100,1.2300600,1.2291000,1.2296800
EURUSD,15,20210104,124500,1.2297100,1.2299000,1.2288000,1.2293100
EURUSD,15,20210104,130000,1.2293300,1.2299700,1.2290000,1.2299200
EURUSD,15,20210104,131500,1.2299000,1.2299900,1.2288000,1.2292600
EURUSD,15,20210104,133000,1.2292700,1.2295300,1.2288000,1.2292900
EURUSD,15,20210104,134500,1.2292800,1.2298600,1.2289000,1.2292100
EURUSD,15,20210104,140000,1.2291900,1.2299600,1.2290000,1.2296400
EURUSD,15,20210104,141500,1.2296500,1.2298400,1.2290000,1.2297200
EURUSD,15,20210104,143000,1.2295000,1.2299000,1.2292000,1.2295100
EURUSD,15,20210104,144500,1.2295300,1.2298700,1.2289000,1.2293100
EURUSD,15,20210104,150000,1.2292900,1.2294600,1.2285000,1.2293000
EURUSD,15,20210104,151500,1.2293100,1.2300100,1.2290000,1.2299100
EURUSD,15,20210104,153000,1.2299100,1.2300200,1.2292000,1.2294800
EURUSD,15,20210104,154500,1.2295100,1.2306200,1.2292000,1.2303200
EURUSD,15,20210104,160000,1.2303500,1.2305100,1.2294000,1.2295200
EURUSD,15,20210104,161500,1.2294400,1.2299500,1.2285000,1.2287500
EURUSD,15,20210104,163000,1.2288300,1.2300000,1.2287000,1.2299000
EURUSD,15,20210104,164500,1.2299000,1.2304100,1.2290000,1.2297900
EURUSD,15,20210104,170000,1.2298700,1.2303600,1.2292000,1.2297900
EURUSD,15,20210104,171500,1.2297000,1.2309900,1.2292000,1.2306400
EURUSD,15,20210104,173000,1.2306200,1.2308000,1.2288000,1.2299600
EURUSD,15,20210104,174500,1.2299600,1.2304200,1.2282000,1.2288900
EURUSD,15,20210104,180000,1.2288900,1.2290800,1.2271000,1.2278000
EURUSD,15,20210104,181500,1.2278400,1.2282200,1.2270000,1.2271100
EURUSD,15,20210104,183000,1.2271100,1.2273700,1.2264000,1.2270900
EURUSD,15,20210104,184500,1.2271000,1.2273400,1.2259000,1.2271600
EURUSD,15,20210104,190000,1.2271500,1.2277400,1.2265000,1.2275500
EURUSD,15,20210104,191500,1.2274600,1.2277200,1.2265000,1.2267400
EURUSD,15,20210104,193000,1.2267200,1.2271200,1.2258000,1.2261900
EURUSD,15,20210104,194500,1.2261700,1.2265100,1.2251000,1.2253500
EURUSD,15,20210104,200000,1.2253500,1.2256900,1.2249000,1.2252100
EURUSD,15,20210104,201500,1.2252300,1.2260200,1.2248000,1.2258200
EURUSD,15,20210104,203000,1.2258800,1.2261200,1.2253000,1.2256800
EURUSD,15,20210104,204500,1.2256700,1.2256800,1.2248000,1.2252700
EURUSD,15,20210104,210000,1.2252700,1.2256700,1.2244000,1.2249300
EURUSD,15,20210104,211500,1.2248900,1.2251000,1.2246000,1.2249000
EURUSD,15,20210104,213000,1.2249500,1.2250300,1.2241000,1.2244600
EURUSD,15,20210104,214500,1.2245600,1.2251300,1.2242000,1.2251000
EURUSD,15,20210104,220000,1.2250800,1.2251400,1.2242000,1.2248300
EURUSD,15,20210104,221500,1.2247000,1.2249200,1.2245000,1.2247800
EURUSD,15,20210104,223000,1.2247700,1.2251000,1.2245000,1.2249900
EURUSD,15,20210104,224500,1.2249800,1.2252500,1.2244000,1.2251700
EURUSD,15,20210104,230000,1.2252100,1.2252400,1.2242000,1.2247700
EURUSD,15,20210104,231500,1.2247900,1.2249000,1.2243000,1.2245500
EURUSD,15,20210104,233000,1.2245400,1.2246000,1.2240000,1.2244200
EURUSD,15,20210104,234500,1.2244200,1.2249300,1.2240000,1.2248900
EURUSD,15,20210105,000000,1.2249000,1.2249600,1.2241000,1.2247900
EURUSD,15,20210105,001500,1.2248200,1.2248200,1.2240000,1.2241000
EURUSD,15,20210105,003000,1.2241100,1.2247600,1.2240000,1.2247200
EURUSD,15,20210105,004500,1.2247200,1.2252500,1.2244000,1.2246100
EURUSD,15,20210105,010000,1.2246900,1.2253000,1.2242800,1.2249100
EURUSD,15,20210105,011500,1.2249100,1.2252000,1.2243900,1.2249500
EURUSD,15,20210105,013000,1.2248900,1.2251000,1.2248000,1.2248800
EURUSD,15,20210105,014500,1.2248800,1.2251000,1.2248000,1.2250200
EURUSD,15,20210105,020000,1.2250100,1.2253000,1.2245000,1.2251000
EURUSD,15,20210105,021500,1.2251800,1.2253500,1.2246000,1.2247800
EURUSD,15,20210105,023000,1.2248000,1.2252800,1.2247000,1.2250200
EURUSD,15,20210105,024500,1.2251000,1.2253500,1.2248000,1.2252300
EURUSD,15,20210105,030000,1.2252700,1.2252800,1.2246000,1.2248000
EURUSD,15,20210105,031500,1.2249400,1.2252800,1.2247000,1.2252500
EURUSD,15,20210105,033000,1.2252200,1.2255300,1.2250000,1.2254000
EURUSD,15,20210105,034500,1.2254500,1.2257100,1.2252000,1.2255500
EURUSD,15,20210105,040000,1.2255300,1.2260000,1.2253000,1.2259000
EURUSD,15,20210105,041500,1.2259800,1.2263000,1.2256000,1.2261700
EURUSD,15,20210105,043000,1.2261900,1.2263000,1.2257000,1.2259500
EURUSD,15,20210105,044500,1.2259400,1.2260200,1.2255000,1.2256900
EURUSD,15,20210105,050000,1.2256700,1.2261500,1.2255000,1.2260900
EURUSD,15,20210105,051500,1.2259900,1.2265000,1.2258000,1.2263000
EURUSD,15,20210105,053000,1.2264700,1.2270300,1.2263000,1.2268700
EURUSD,15,20210105,054500,1.2268000,1.2273000,1.2265000,1.2269000
EURUSD,15,20210105,060000,1.2270400,1.2273300,1.2266000,1.2273000
EURUSD,15,20210105,061500,1.2273000,1.2275400,1.2269000,1.2275100
EURUSD,15,20210105,063000,1.2275200,1.2277000,1.2270000,1.2270000
EURUSD,15,20210105,064500,1.2270000,1.2273200,1.2266000,1.2272700
EURUSD,15,20210105,070000,1.2272500,1.2272900,1.2265000,1.2266400
EURUSD,15,20210105,071500,1.2267200,1.2269700,1.2264000,1.2266000
EURUSD,15,20210105,073000,1.2266900,1.2268500,1.2265000,1.2268000
EURUSD,15,20210105,074500,1.2267200,1.2270200,1.2266000,1.2268000
EURUSD,15,20210105,080000,1.2268800,1.2272100,1.2267900,1.2269500
EURUSD,15,20210105,081500,1.2270300,1.2272300,1.2268000,1.2270600
EURUSD,15,20210105,083000,1.2270600,1.2271000,1.2265000,1.2267700
EURUSD,15,20210105,084500,1.2267800,1.2273300,1.2266000,1.2271000
EURUSD,15,20210105,090000,1.2272100,1.2273400,1.2265000,1.2268400
EURUSD,15,20210105,091500,1.2268900,1.2270300,1.2265000,1.2266700
EURUSD,15,20210105,093000,1.2267000,1.2274000,1.2265000,1.2272000
EURUSD,15,20210105,094500,1.2273000,1.2274500,1.2267000,1.2268000
EURUSD,15,20210105,100000,1.2269600,1.2270500,1.2260000,1.2264000
EURUSD,15,20210105,101500,1.2263000,1.2271100,1.2262000,1.2269500
EURUSD,15,20210105,103000,1.2269900,1.2270700,1.2261000,1.2265000
EURUSD,15,20210105,104500,1.2264900,1.2266400,1.2254000,1.2258100
EURUSD,15,20210105,110000,1.2258000,1.2273100,1.2256000,1.2269500
EURUSD,15,20210105,111500,1.2269500,1.2278700,1.2265000,1.2266900
EURUSD,15,20210105,113000,1.2267100,1.2269800,1.2260000,1.2268800
EURUSD,15,20210105,114500,1.2268400,1.2275300,1.2265000,1.2274100
EURUSD,15,20210105,120000,1.2274200,1.2280500,1.2270000,1.2276800
EURUSD,15,20210105,121500,1.2277000,1.2284000,1.2273000,1.2283000
EURUSD,15,20210105,123000,1.2283600,1.2284000,1.2272000,1.2278200
EURUSD,15,20210105,124500,1.2278200,1.2281400,1.2267000,1.2272200
EURUSD,15,20210105,130000,1.2272300,1.2281100,1.2269000,1.2277400
EURUSD,15,20210105,131500,1.2278400,1.2284200,1.2276000,1.2281200
EURUSD,15,20210105,133000,1.2281000,1.2284300,1.2279000,1.2281400
EURUSD,15,20210105,134500,1.2281600,1.2283000,1.2274000,1.2277000
EURUSD,15,20210105,140000,1.2276900,1.2285000,1.2275900,1.2279500
EURUSD,15,20210105,141500,1.2280300,1.2284800,1.2275000,1.2282700
EURUSD,15,20210105,143000,1.2282900,1.2290600,1.2280000,1.2282900
EURUSD,15,20210105,144500,1.2282900,1.2285700,1.2280000,1.2282900
EURUSD,15,20210105,150000,1.2282000,1.2284800,1.2276000,1.2278000
EURUSD,15,20210105,151500,1.2278000,1.2278200,1.2265000,1.2271500
EURUSD,15,20210105,153000,1.2271600,1.2277700,1.2267000,1.2269000
EURUSD,15,20210105,154500,1.2270700,1.2273900,1.2264000,1.2272200
EURUSD,15,20210105,160000,1.2272400,1.2276000,1.2267000,1.2270000
EURUSD,15,20210105,161500,1.2270800,1.2274200,1.2263000,1.2268100
EURUSD,15,20210105,163000,1.2268100,1.2273000,1.2263000,1.2270100
EURUSD,15,20210105,164500,1.2270000,1.2271300,1.2259000,1.2262400
EURUSD,15,20210105,170000,1.2262100,1.2271400,1.2260000,1.2271000
EURUSD,15,20210105,171500,1.2270300,1.2274600,1.2267000,1.2273000
EURUSD,15,20210105,173000,1.2273200,1.2278600,1.2266000,1.2270300
EURUSD,15,20210105,174500,1.2269500,1.2271800,1.2257000,1.2264400
EURUSD,15,20210105,180000,1.2264000,1.2265600,1.2252000,1.2263700
EURUSD,15,20210105,181500,1.2263600,1.2266800,1.2254000,1.2265000
EURUSD,15,20210105,183000,1.2264600,1.2274500,1.2259000,1.2269900
EURUSD,15,20210105,184500,1.2270200,1.2282700,1.2268000,1.2274400
EURUSD,15,20210105,190000,1.2275400,1.2279400,1.2271000,1.2278700
EURUSD,15,20210105,191500,1.2278800,1.2282000,1.2272000,1.2280500
EURUSD,15,20210105,193000,1.2280700,1.2293800,1.2279000,1.2290400
EURUSD,15,20210105,194500,1.2290600,1.2296600,1.2288000,1.2294300
EURUSD,15,20210105,200000,1.2294500,1.2305100,1.2291000,1.2297900
EURUSD,15,20210105,201500,1.2297900,1.2303600,1.2293000,1.2298400
EURUSD,15,20210105,203000,1.2298700,1.2302200,1.2295000,1.2299100
EURUSD,15,20210105,204500,1.2299000,1.2301600,1.2295000,1.2299400
EURUSD,15,20210105,210000,1.2299600,1.2301100,1.2295000,1.2299200
EURUSD,15,20210105,211500,1.2299400,1.2304900,1.2297000,1.2302000
EURUSD,15,20210105,213000,1.2301500,1.2302900,1.2295000,1.2297700
EURUSD,15,20210105,214500,1.2297500,1.2298200,1.2291000,1.2293200
EURUSD,15,20210105,220000,1.2293100,1.2297200,1.2288000,1.2296700
EURUSD,15,20210105,221500,1.2297100,1.2300200,1.2294000,1.2298100
EURUSD,15,20210105,223000,1.2297900,1.2303000,1.2295000,1.2300100
EURUSD,15,20210105,224500,1.2299900,1.2304000,1.2297000,1.2303500
EURUSD,15,20210105,230000,1.2302000,1.2305700,1.2297000,1.2300000
EURUSD,15,20210105,231500,1.2301000,1.2301300,1.2296000,1.2296900
EURUSD,15,20210105,233000,1.2297300,1.2299700,1.2293000,1.2296200
EURUSD,15,20210105,234500,1.2296000,1.2298500,1.2291000,1.2293800
EURUSD,15,20210106,000000,1.2293800,1.2294000,1.2289000,1.2290100
EURUSD,15,20210106,001500,1.2290900,1.2296000,1.2288000,1.2292200
EURUSD,15,20210106,003000,1.2292700,1.2295000,1.2290000,1.2294000
EURUSD,15,20210106,004500,1.2294200,1.2299200,1.2293000,1.2295700
EURUSD,15,20210106,010000,1.2296000,1.2301800,1.2290400,1.2295000
EURUSD,15,20210106,011500,1.2292400,1.2297500,1.2291400,1.2295000
EURUSD,15,20210106,013000,1.2294200,1.2296100,1.2291000,1.2292000
EURUSD,15,20210106,014500,1.2292000,1.2297400,1.2291600,1.2295000
EURUSD,15,20210106,020000,1.2295400,1.2298100,1.2294000,1.2296800
EURUSD,15,20210106,021500,1.2296800,1.2300100,1.2293000,1.2297400
EURUSD,15,20210106,023000,1.2296700,1.2299500,1.2295000,1.2297000
EURUSD,15,20210106,024500,1.2297700,1.2301500,1.2295000,1.2297700
EURUSD,15,20210106,030000,1.2298700,1.2303200,1.2290000,1.2295700
EURUSD,15,20210106,031500,1.2295000,1.2298700,1.2293000,1.2296000
EURUSD,15,20210106,033000,1.2296800,1.2297800,1.2290000,1.2295100
EURUSD,15,20210106,034500,1.2295800,1.2326900,1.2293000,1.2308100
EURUSD,15,20210106,040000,1.2308400,1.2315200,1.2299000,1.2301100
EURUSD,15,20210106,041500,1.2301700,1.2305100,1.2287000,1.2291700
EURUSD,15,20210106,043000,1.2291900,1.2296200,1.2279000,1.2288700
EURUSD,15,20210106,044500,1.2288100,1.2294000,1.2284000,1.2288800
EURUSD,15,20210106,050000,1.2288800,1.2293600,1.2285000,1.2288500
EURUSD,15,20210106,051500,1.2288700,1.2291500,1.2280000,1.2286600
EURUSD,15,20210106,053000,1.2286800,1.2291000,1.2283000,1.2287000
EURUSD,15,20210106,054500,1.2287900,1.2288900,1.2275000,1.2278600
EURUSD,15,20210106,060000,1.2278700,1.2289900,1.2274000,1.2287000
EURUSD,15,20210106,061500,1.2289000,1.2295200,1.2287000,1.2288600
EURUSD,15,20210106,063000,1.2288600,1.2291000,1.2284000,1.2285300
EURUSD,15,20210106,064500,1.2286100,1.2289000,1.2283000,1.2285700
EURUSD,15,20210106,070000,1.2285800,1.2286800,1.2282000,1.2286700
EURUSD,15,20210106,071500,1.2286500,1.2306500,1.2285000,1.2297000
EURUSD,15,20210106,073000,1.2296600,1.2301500,1.2293000,1.2294700
EURUSD,15,20210106,074500,1.2295400,1.2296300,1.2289000,1.2291500
EURUSD,15,20210106,080000,1.2291700,1.2299000,1.2290000,1.2298200
EURUSD,15,20210106,081500,1.2297900,1.2305800,1.2296000,1.2305200
EURUSD,15,20210106,083000,1.2304100,1.2305800,1.2297000,1.2299400
EURUSD,15,20210106,084500,1.2299900,1.2300800,1.2294000,1.2296500
EURUSD,15,20210106,090000,1.2296500,1.2303400,1.2295000,1.2302700
EURUSD,15,20210106,091500,1.2302000,1.2306300,1.2300000,1.2301800
EURUSD,15,20210106,093000,1.2302400,1.2311800,1.2300000,1.2309000
EURUSD,15,20210106,094500,1.2309000,1.2321800,1.2307000,1.2316400
EURUSD,15,20210106,100000,1.2316400,1.2334200,1.2311000,1.2330800
EURUSD,15,20210106,101500,1.2330700,1.2334800,1.2318000,1.2329100
EURUSD,15,20210106,103000,1.2329200,1.2345300,1.2325000,1.2337400
EURUSD,15,20210106,104500,1.2337700,1.2343600,1.2333000,1.2338700
EURUSD,15,20210106,110000,1.2339500,1.2340500,1.2328000,1.2330000
EURUSD,15,20210106,111500,1.2332100,1.2335600,1.2321000,1.2324600
EURUSD,15,20210106,113000,1.2325000,1.2337600,1.2322000,1.2327700
EURUSD,15,20210106,114500,1.2328000,1.2335300,1.2320000,1.2324400
EURUSD,15,20210106,120000,1.2324300,1.2336400,1.2319000,1.2334000
EURUSD,15,20210106,121500,1.2334500,1.2338200,1.2329000,1.2334000
EURUSD,15,20210106,123000,1.2333400,1.2336300,1.2327000,1.2331500
EURUSD,15,20210106,124500,1.2331000,1.2339000,1.2328000,1.2337700
EURUSD,15,20210106,130000,1.2338500,1.2344500,1.2334000,1.2335900
EURUSD,15,20210106,131500,1.2335100,1.2341200,1.2332000,1.2337600
EURUSD,15,20210106,133000,1.2336000,1.2341900,1.2333000,1.2340300
EURUSD,15,20210106,134500,1.2340300,1.2341300,1.2332000,1.2338100
EURUSD,15,20210106,140000,1.2337900,1.2342800,1.2335000,1.2337600
EURUSD,15,20210106,141500,1.2336000,1.2346800,1.2334000,1.2345900
EURUSD,15,20210106,143000,1.2346700,1.2349500,1.2341000,1.2344000
EURUSD,15,20210106,144500,1.2344000,1.2344500,1.2332000,1.2336500
EURUSD,15,20210106,150000,1.2337300,1.2346300,1.2332000,1.2345000
EURUSD,15,20210106,151500,1.2345300,1.2349500,1.2341000,1.2344600
EURUSD,15,20210106,153000,1.2344300,1.2346500,1.2334000,1.2337600
EURUSD,15,20210106,154500,1.2336900,1.2340600,1.2328000,1.2339300
EURUSD,15,20210106,160000,1.2340100,1.2340400,1.2328000,1.2336700
EURUSD,15,20210106,161500,1.2337200,1.2344800,1.2335000,1.2341200
EURUSD,15,20210106,163000,1.2341300,1.2342400,1.2332000,1.2336300
EURUSD,15,20210106,164500,1.2336000,1.2336700,1.2315000,1.2319400
EURUSD,15,20210106,170000,1.2319200,1.2320300,1.2291000,1.2303200
EURUSD,15,20210106,171500,1.2302000,1.2306500,1.2295000,1.2298800
EURUSD,15,20210106,173000,1.2298600,1.2310700,1.2291000,1.2304500
EURUSD,15,20210106,174500,1.2304700,1.2320700,1.2297000,1.2308500
EURUSD,15,20210106,180000,1.2309400,1.2316100,1.2303000,1.2312000
EURUSD,15,20210106,181500,1.2312000,1.2317700,1.2308000,1.2310500
EURUSD,15,20210106,183000,1.2310300,1.2313300,1.2295000,1.2299500
EURUSD,15,20210106,184500,1.2299400,1.2303100,1.2274000,1.2282000
EURUSD,15,20210106,190000,1.2281700,1.2282300,1.2264000,1.2272100
EURUSD,15,20210106,191500,1.2271800,1.2284200,1.2269000,1.2278800
EURUSD,15,20210106,193000,1.2278900,1.2282200,1.2276000,1.2280700
EURUSD,15,20210106,194500,1.2280600,1.2292700,1.2277000,1.2288800
EURUSD,15,20210106,200000,1.2289400,1.2301600,1.2283000,1.2299700
EURUSD,15,20210106,201500,1.2299800,1.2304200,1.2295000,1.2303500
EURUSD,15,20210106,203000,1.2303500,1.2303600,1.2297000,1.2298700
EURUSD,15,20210106,204500,1.2297900,1.2301900,1.2295000,1.2298100
EURUSD,15,20210106,210000,1.2298100,1.2303100,1.2295000,1.2302500
EURUSD,15,20210106,211500,1.2302700,1.2310500,1.2301000,1.2304000
EURUSD,15,20210106,213000,1.2304000,1.2310000,1.2302000,1.2307000
EURUSD,15,20210106,214500,1.2308500,1.2317500,1.2306000,1.2309600
EURUSD,15,20210106,220000,1.2309700,1.2313000,1.2303000,1.2304500
EURUSD,15,20210106,221500,1.2304800,1.2309800,1.2296000,1.2304200
EURUSD,15,20210106,223000,1.2304400,1.2316200,1.2302000,1.2312000
EURUSD,15,20210106,224500,1.2311100,1.2313200,1.2296000,1.2306900
EURUSD,15,20210106,230000,1.2306800,1.2333500,1.2305000,1.2329100
EURUSD,15,20210106,231500,1.2329000,1.2339800,1.2324000,1.2331000
EURUSD,15,20210106,233000,1.2331500,1.2334200,1.2323000,1.2327600
EURUSD,15,20210106,234500,1.2327600,1.2329700,1.2320000,1.2323600
EURUSD,15,20210107,000000,1.2323700,1.2327000,1.2321000,1.2326000
EURUSD,15,20210107,001500,1.2326200,1.2326400,1.2320000,1.2322500
EURUSD,15,20210107,003000,1.2322500,1.2328700,1.2321000,1.2326500
EURUSD,15,20210107,004500,1.2326800,1.2331300,1.2322700,1.2324200
EURUSD,15,20210107,010000,1.2325000,1.2334000,1.2323000,1.2326700
EURUSD,15,20210107,011500,1.2326400,1.2331000,1.2320900,1.2324100
EURUSD,15,20210107,013000,1.2324900,1.2328100,1.2321500,1.2325300
EURUSD,15,20210107,014500,1.2326200,1.2329500,1.2322000,1.2326900
EURUSD,15,20210107,020000,1.2327900,1.2331000,1.2323100,1.2330500
EURUSD,15,20210107,021500,1.2330400,1.2339800,1.2328000,1.2338700
EURUSD,15,20210107,023000,1.2338700,1.2340000,1.2334000,1.2337900
EURUSD,15,20210107,024500,1.2337900,1.2340000,1.2336000,1.2338000
EURUSD,15,20210107,030000,1.2337800,1.2340900,1.2331000,1.2339700
EURUSD,15,20210107,031500,1.2339400,1.2344500,1.2336000,1.2337700
EURUSD,15,20210107,033000,1.2338200,1.2339400,1.2328000,1.2332000
EURUSD,15,20210107,034500,1.2332000,1.2336700,1.2330000,1.2331700
EURUSD,15,20210107,040000,1.2332400,1.2334500,1.2329000,1.2331100
EURUSD,15,20210107,041500,1.2331000,1.2333100,1.2327000,1.2331100
EURUSD,15,20210107,043000,1.2330600,1.2337000,1.2327000,1.2336900
EURUSD,15,20210107,044500,1.2336700,1.2337200,1.2329000,1.2330300
EURUSD,15,20210107,050000,1.2330600,1.2332400,1.2323000,1.2326900
EURUSD,15,20210107,051500,1.2326800,1.2327600,1.2317000,1.2319500
EURUSD,15,20210107,053000,1.2320500,1.2326400,1.2318000,1.2326200
EURUSD,15,20210107,054500,1.2326300,1.2327200,1.2319000,1.2324500
EURUSD,15,20210107,060000,1.2324400,1.2328600,1.2322000,1.2326100
EURUSD,15,20210107,061500,1.2325900,1.2327800,1.2324000,1.2325700
EURUSD,15,20210107,063000,1.2325800,1.2327600,1.2323000,1.2326400
EURUSD,15,20210107,064500,1.2326500,1.2328000,1.2324000,1.2327400
EURUSD,15,20210107,070000,1.2327200,1.2331000,1.2325000,1.2330000
EURUSD,15,20210107,071500,1.2330300,1.2331400,1.2327000,1.2328400
EURUSD,15,20210107,073000,1.2327600,1.2329600,1.2326000,1.2327000
EURUSD,15,20210107,074500,1.2328000,1.2329000,1.2322000,1.2324500
EURUSD,15,20210107,080000,1.2323800,1.2325400,1.2316000,1.2318400
EURUSD,15,20210107,081500,1.2318500,1.2319300,1.2313000,1.2316000
EURUSD,15,20210107,083000,1.2315900,1.2317000,1.2310000,1.2313800
EURUSD,15,20210107,084500,1.2313500,1.2314400,1.2309000,1.2312500
EURUSD,15,20210107,090000,1.2312600,1.2313100,1.2306000,1.2312900
EURUSD,15,20210107,091500,1.2312100,1.2319500,1.2311000,1.2318100
EURUSD,15,20210107,093000,1.2316000,1.2323300,1.2315000,1.2321700
EURUSD,15,20210107,094500,1.2322000,1.2324900,1.2318000,1.2320400
EURUSD,15,20210107,100000,1.2320600,1.2325700,1.2313000,1.2319500
EURUSD,15,20210107,101500,1.2319500,1.2323000,1.2314000,1.2316500
EURUSD,15,20210107,103000,1.2315700,1.2317700,1.2309000,1.2310400
EURUSD,15,20210107,104500,1.2310300,1.2316600,1.2306000,1.2311100
EURUSD,15,20210107,110000,1.2311100,1.2317000,1.2291000,1.2297400
EURUSD,15,20210107,111500,1.2297200,1.2308000,1.2293000,1.2306000
EURUSD,15,20210107,113000,1.2306000,1.2309600,1.2298000,1.2307800
EURUSD,15,20210107,114500,1.2308400,1.2309900,1.2291000,1.2294100
EURUSD,15,20210107,120000,1.2294300,1.2295700,1.2283000,1.2285500
EURUSD,15,20210107,121500,1.2285700,1.2290000,1.2279000,1.2285200
EURUSD,15,20210107,123000,1.2285300,1.2287900,1.2274000,1.2275000
EURUSD,15,20210107,124500,1.2276800,1.2277000,1.2262000,1.2268400
EURUSD,15,20210107,130000,1.2268800,1.2274400,1.2261000,1.2266500
EURUSD,15,20210107,131500,1.2266900,1.2268700,1.2249000,1.2253900
EURUSD,15,20210107,133000,1.2254000,1.2259800,1.2250000,1.2254600
EURUSD,15,20210107,134500,1.2255000,1.2257200,1.2243000,1.2249500
EURUSD,15,20210107,140000,1.2248000,1.2257200,1.2246000,1.2256400
EURUSD,15,20210107,141500,1.2256400,1.2259600,1.2252000,1.2258600
EURUSD,15,20210107,143000,1.2258600,1.2265400,1.2256000,1.2263800
EURUSD,15,20210107,144500,1.2263600,1.2266400,1.2253000,1.2255900
EURUSD,15,20210107,150000,1.2256500,1.2259600,1.2249000,1.2259000
EURUSD,15,20210107,151500,1.2258900,1.2268900,1.2257000,1.2266900
EURUSD,15,20210107,153000,1.2266900,1.2271000,1.2262000,1.2270300
EURUSD,15,20210107,154500,1.2270200,1.2273300,1.2263000,1.2266600
EURUSD,15,20210107,160000,1.2267300,1.2278600,1.2263000,1.2275700
EURUSD,15,20210107,161500,1.2275700,1.2275900,1.2267000,1.2272100
EURUSD,15,20210107,163000,1.2272900,1.2277400,1.2266000,1.2275500
EURUSD,15,20210107,164500,1.2275700,1.2275900,1.2260000,1.2268300
EURUSD,15,20210107,170000,1.2268600,1.2281600,1.2264000,1.2280100
EURUSD,15,20210107,171500,1.2279900,1.2282800,1.2266000,1.2268700
EURUSD,15,20210107,173000,1.2268600,1.2276900,1.2252000,1.2255100
EURUSD,15,20210107,174500,1.2254600,1.2263600,1.2252000,1.2259100
EURUSD,15,20210107,180000,1.2259000,1.2264900,1.2252000,1.2256300
EURUSD,15,20210107,181500,1.2256400,1.2259300,1.2245000,1.2253600
EURUSD,15,20210107,183000,1.2254500,1.2267700,1.2249000,1.2264000
EURUSD,15,20210107,184500,1.2263200,1.2266800,1.2252000,1.2258500
EURUSD,15,20210107,190000,1.2258900,1.2274700,1.2257000,1.2271800
EURUSD,15,20210107,191500,1.2271900,1.2274000,1.2265000,1.2271900
EURUSD,15,20210107,193000,1.2272000,1.2277300,1.2268000,1.2271900
EURUSD,15,20210107,194500,1.2272700,1.2274000,1.2260000,1.2262900
EURUSD,15,20210107,200000,1.2263500,1.2271400,1.2261000,1.2269800
EURUSD,15,20210107,201500,1.2269600,1.2270100,1.2254000,1.2255000
EURUSD,15,20210107,203000,1.2256800,1.2264200,1.2253000,1.2261800
EURUSD,15,20210107,204500,1.2262800,1.2269600,1.2261000,1.2265600
EURUSD,15,20210107,210000,1.2265400,1.2270000,1.2261000,1.2269300
EURUSD,15,20210107,211500,1.2269300,1.2273000,1.2266000,1.2271200
EURUSD,15,20210107,213000,1.2271200,1.2279100,1.2269000,1.2276900
EURUSD,15,20210107,214500,1.2277800,1.2278400,1.2270000,1.2274100
EURUSD,15,20210107,220000,1.2273900,1.2275600,1.2270000,1.2272000
EURUSD,15,20210107,221500,1.2273800,1.2275000,1.2262000,1.2266000
EURUSD,15,20210107,223000,1.2266000,1.2271000,1.2263000,1.2270800
EURUSD,15,20210107,224500,1.2271000,1.2275000,1.2264000,1.2267600
EURUSD,15,20210107,230000,1.2267600,1.2271900,1.2263000,1.2265600
EURUSD,15,20210107,231500,1.2265000,1.2270500,1.2263000,1.2269400
EURUSD,15,20210107,233000,1.2270400,1.2271000,1.2261000,1.2263600
EURUSD,15,20210107,234500,1.2263400,1.2268000,1.2262000,1.2265500
EURUSD,15,20210108,000000,1.2265700,1.2270300,1.2261000,1.2269700
EURUSD,15,20210108,001500,1.2269400,1.2276000,1.2267000,1.2272200
EURUSD,15,20210108,003000,1.2272800,1.2277000,1.2271000,1.2272600
EURUSD,15,20210108,004500,1.2272600,1.2273500,1.2266600,1.2268800
EURUSD,15,20210108,010000,1.2270500,1.2273100,1.2264000,1.2267000
EURUSD,15,20210108,011500,1.2264900,1.2268000,1.2258000,1.2262700
EURUSD,15,20210108,013000,1.2262800,1.2267800,1.2260000,1.2264900
EURUSD,15,20210108,014500,1.2265800,1.2268000,1.2262200,1.2264500
EURUSD,15,20210108,020000,1.2265500,1.2271300,1.2263600,1.2270600
EURUSD,15,20210108,021500,1.2270500,1.2272000,1.2266000,1.2268300
EURUSD,15,20210108,023000,1.2267500,1.2269700,1.2266000,1.2267200
EURUSD,15,20210108,024500,1.2267300,1.2271000,1.2265000,1.2268000
EURUSD,15,20210108,030000,1.2269000,1.2269400,1.2262000,1.2265600
EURUSD,15,20210108,031500,1.2266000,1.2271400,1.2265000,1.2270000
EURUSD,15,20210108,033000,1.2270000,1.2272500,1.2256000,1.2258000
EURUSD,15,20210108,034500,1.2259900,1.2261400,1.2254000,1.2256900
EURUSD,15,20210108,040000,1.2257900,1.2260100,1.2236500,1.2239000
EURUSD,15,20210108,041500,1.2239200,1.2243000,1.2233000,1.2237100
EURUSD,15,20210108,043000,1.2236500,1.2248800,1.2235000,1.2247500
EURUSD,15,20210108,044500,1.2247500,1.2253100,1.2242000,1.2247900
EURUSD,15,20210108,050000,1.2247900,1.2250500,1.2244000,1.2246900
EURUSD,15,20210108,051500,1.2246200,1.2257500,1.2245000,1.2255800
EURUSD,15,20210108,053000,1.2256200,1.2260200,1.2253000,1.2259000
EURUSD,15,20210108,054500,1.2259300,1.2260600,1.2255000,1.2259800
EURUSD,15,20210108,060000,1.2259900,1.2264100,1.2257000,1.2261500
EURUSD,15,20210108,061500,1.2262000,1.2263400,1.2258000,1.2262300
EURUSD,15,20210108,063000,1.2262100,1.2265000,1.2260000,1.2261500
EURUSD,15,20210108,064500,1.2261500,1.2263100,1.2259000,1.2261800
EURUSD,15,20210108,070000,1.2261900,1.2262600,1.2257000,1.2261900
EURUSD,15,20210108,071500,1.2262000,1.2262400,1.2257000,1.2260000
EURUSD,15,20210108,073000,1.2260100,1.2261100,1.2254000,1.2256600
EURUSD,15,20210108,074500,1.2257100,1.2263400,1.2256000,1.2262800
EURUSD,15,20210108,080000,1.2262800,1.2264100,1.2259000,1.2262300
EURUSD,15,20210108,081500,1.2262400,1.2268100,1.2260000,1.2263900
EURUSD,15,20210108,083000,1.2264000,1.2265000,1.2260000,1.2261600
EURUSD,15,20210108,084500,1.2261900,1.2262300,1.2255000,1.2256000
EURUSD,15,20210108,090000,1.2257700,1.2263800,1.2255000,1.2261900
EURUSD,15,20210108,091500,1.2261900,1.2266300,1.2260000,1.2263000
EURUSD,15,20210108,093000,1.2263200,1.2268200,1.2261000,1.2263000
EURUSD,15,20210108,094500,1.2263500,1.2268200,1.2260000,1.2263300
EURUSD,15,20210108,100000,1.2262000,1.2265500,1.2257000,1.2263600
EURUSD,15,20210108,101500,1.2263700,1.2269100,1.2259000,1.2262000
EURUSD,15,20210108,103000,1.2261900,1.2262700,1.2244000,1.2245300
EURUSD,15,20210108,104500,1.2245400,1.2250600,1.2231000,1.2238000
EURUSD,15,20210108,110000,1.2238800,1.2238900,1.2211000,1.2218100
EURUSD,15,20210108,111500,1.2217000,1.2231200,1.2215000,1.2228000
EURUSD,15,20210108,113000,1.2229200,1.2230400,1.2218000,1.2229500
EURUSD,15,20210108,114500,1.2229200,1.2232400,1.2221000,1.2223500
EURUSD,15,20210108,120000,1.2223600,1.2230900,1.2216000,1.2228000
EURUSD,15,20210108,121500,1.2229000,1.2233500,1.2222000,1.2231500
EURUSD,15,20210108,123000,1.2231000,1.2233800,1.2220000,1.2227100
EURUSD,15,20210108,124500,1.2227000,1.2240800,1.2225000,1.2239000
EURUSD,15,20210108,130000,1.2239800,1.2244700,1.2234000,1.2242600
EURUSD,15,20210108,131500,1.2242800,1.2244700,1.2234000,1.2239600
EURUSD,15,20210108,133000,1.2238000,1.2243000,1.2236000,1.2240100
EURUSD,15,20210108,134500,1.2240100,1.2241200,1.2236000,1.2239100
EURUSD,15,20210108,140000,1.2238900,1.2247600,1.2230000,1.2245600
EURUSD,15,20210108,141500,1.2245700,1.2251100,1.2241000,1.2246500
EURUSD,15,20210108,143000,1.2247100,1.2250000,1.2242000,1.2246300
EURUSD,15,20210108,144500,1.2245000,1.2253700,1.2245000,1.2250400
EURUSD,15,20210108,150000,1.2250300,1.2252000,1.2244000,1.2247100
EURUSD,15,20210108,151500,1.2248000,1.2252700,1.2244000,1.2248600
EURUSD,15,20210108,153000,1.2248500,1.2252700,1.2245000,1.2246800
EURUSD,15,20210108,154500,1.2247700,1.2252500,1.2244000,1.2248400
EURUSD,15,20210108,160000,1.2248600,1.2254200,1.2245000,1.2249500
EURUSD,15,20210108,161500,1.2249500,1.2251900,1.2244000,1.2249400
EURUSD,15,20210108,163000,1.2249500,1.2273100,1.2233000,1.2271500
EURUSD,15,20210108,164500,1.2271700,1.2284800,1.2255000,1.2271100
EURUSD,15,20210108,170000,1.2271100,1.2274000,1.2257000,1.2265600
EURUSD,15,20210108,171500,1.2264900,1.2283600,1.2261000,1.2276700
EURUSD,15,20210108,173000,1.2277300,1.2282200,1.2256000,1.2256000
EURUSD,15,20210108,174500,1.2257800,1.2261700,1.2242000,1.2249900
EURUSD,15,20210108,180000,1.2249700,1.2256500,1.2239000,1.2242700
EURUSD,15,20210108,181500,1.2242700,1.2243400,1.2221000,1.2224800
EURUSD,15,20210108,183000,1.2224900,1.2233600,1.2223000,1.2232700
EURUSD,15,20210108,184500,1.2232700,1.2258200,1.2227000,1.2254800
EURUSD,15,20210108,190000,1.2254700,1.2263000,1.2239000,1.2241200
EURUSD,15,20210108,191500,1.2240800,1.2262300,1.2235000,1.2245900
EURUSD,15,20210108,193000,1.2246400,1.2262500,1.2243000,1.2260200
EURUSD,15,20210108,194500,1.2260100,1.2263400,1.2249000,1.2251400
EURUSD,15,20210108,200000,1.2251600,1.2253200,1.2241000,1.2249300
EURUSD,15,20210108,201500,1.2248700,1.2249700,1.2230000,1.2234100
EURUSD,15,20210108,203000,1.2234400,1.2236700,1.2223000,1.2231800
EURUSD,15,20210108,204500,1.2231800,1.2234900,1.2223000,1.2228700
EURUSD,15,20210108,210000,1.2227800,1.2228900,1.2215000,1.2219500
EURUSD,15,20210108,211500,1.2219400,1.2220000,1.2202000,1.2212800
EURUSD,15,20210108,213000,1.2211000,1.2212800,1.2193000,1.2198300
EURUSD,15,20210108,214500,1.2198200,1.2208100,1.2191000,1.2194700
EURUSD,15,20210108,220000,1.2195000,1.2211600,1.2194000,1.2210700
EURUSD,15,20210108,221500,1.2209900,1.2210800,1.2202000,1.2206800
EURUSD,15,20210108,223000,1.2206700,1.2215000,1.2202000,1.2210600
EURUSD,15,20210108,224500,1.2210500,1.2217800,1.2207000,1.2214600
EURUSD,15,20210108,230000,1.2214700,1.2219600,1.2210000,1.2216200
EURUSD,15,20210108,231500,1.2216200,1.2219900,1.2215000,1.2217400
EURUSD,15,20210108,233000,1.2218000,1.2223100,1.2215000,1.2220600
EURUSD,15,20210108,234500,1.2221400,1.2226700,1.2219000,1.2225800
EURUSD,15,20210109,000000,1.2226200,1.2227300,1.2220000,1.2222700
EURUSD,15,20210109,001500,1.2222700,1.2225300,1.2220000,1.2222900
EURUSD,15,20210109,003000,1.2222800,1.2223600,1.2215000,1.2219700
EURUSD,15,20210109,004500,1.2220000,1.2224300,1.2215900,1.2219300
EURUSD,15,20210109,010000,1.2219300,1.2219300,1.2219300,1.2219300
EURUSD,15,20210109,011500,1.2219300,1.2219300,1.2219300,1.2219300
EURUSD,15,20210109,013000,1.2219300,1.2219300,1.2219300,1.2219300
EURUSD,15,20210109,014500,1.2219300,1.2219300,1.2219300,1.2219300
EURUSD,15,20210111,004500,1.2218000,1.2218000,1.2215600,1.2215600
EURUSD,15,20210111,010000,1.2216000,1.2228400,1.2212300,1.2217400
EURUSD,15,20210111,011500,1.2218200,1.2226300,1.2212700,1.2222100
EURUSD,15,20210111,013000,1.2221400,1.2224900,1.2215000,1.2217700
EURUSD,15,20210111,014500,1.2217100,1.2219600,1.2213000,1.2215700
EURUSD,15,20210111,020000,1.2215400,1.2218000,1.2197000,1.2203800
EURUSD,15,20210111,021500,1.2204600,1.2204700,1.2195000,1.2200700
EURUSD,15,20210111,023000,1.2200900,1.2205100,1.2185000,1.2187100
EURUSD,15,20210111,024500,1.2187200,1.2194300,1.2181000,1.2187100
EURUSD,15,20210111,030000,1.2186300,1.2196200,1.2183000,1.2186400
EURUSD,15,20210111,031500,1.2186400,1.2190300,1.2180000,1.2183000
EURUSD,15,20210111,033000,1.2183900,1.2188200,1.2179000,1.2186700
EURUSD,15,20210111,034500,1.2185900,1.2191900,1.2184000,1.2188300
EURUSD,15,20210111,040000,1.2188600,1.2190900,1.2180000,1.2182100
EURUSD,15,20210111,041500,1.2182100,1.2182300,1.2172000,1.2175600
EURUSD,15,20210111,043000,1.2176300,1.2177400,1.2169000,1.2176200
EURUSD,15,20210111,044500,1.2176200,1.2182100,1.2174000,1.2177600
EURUSD,15,20210111,050000,1.2177800,1.2178100,1.2166000,1.2168800
EURUSD,15,20210111,051500,1.2168900,1.2177400,1.2165000,1.2175000
EURUSD,15,20210111,053000,1.2173000,1.2177800,1.2170000,1.2171000
EURUSD,15,20210111,054500,1.2172700,1.2180000,1.2171000,1.2180000
EURUSD,15,20210111,060000,1.2179900,1.2180300,1.2173000,1.2175800
EURUSD,15,20210111,061500,1.2175800,1.2179300,1.2170000,1.2175100
EURUSD,15,20210111,063000,1.2175100,1.2178600,1.2173000,1.2174700
EURUSD,15,20210111,064500,1.2174700,1.2176200,1.2169000,1.2173200
EURUSD,15,20210111,070000,1.2172400,1.2176900,1.2171000,1.2173700
EURUSD,15,20210111,071500,1.2173500,1.2174400,1.2165000,1.2168100
EURUSD,15,20210111,073000,1.2168400,1.2171200,1.2166000,1.2170000
EURUSD,15,20210111,074500,1.2170000,1.2174700,1.2166000,1.2173000
EURUSD,15,20210111,080000,1.2173000,1.2174100,1.2168000,1.2170800
EURUSD,15,20210111,081500,1.2170900,1.2174500,1.2169000,1.2173100
EURUSD,15,20210111,083000,1.2173600,1.2176800,1.2170000,1.2174600
EURUSD,15,20210111,084500,1.2174600,1.2182100,1.2172000,1.2181300
EURUSD,15,20210111,090000,1.2181500,1.2183000,1.2175000,1.2182200
EURUSD,15,20210111,091500,1.2182100,1.2185300,1.2179000,1.2183800
EURUSD,15,20210111,093000,1.2184700,1.2188900,1.2182000,1.2183600
EURUSD,15,20210111,094500,1.2184300,1.2190700,1.2181000,1.2189800
EURUSD,15,20210111,100000,1.2190000,1.2191800,1.2182000,1.2189600
EURUSD,15,20210111,101500,1.2189800,1.2193500,1.2182000,1.2188200
EURUSD,15,20210111,103000,1.2187600,1.2188700,1.2175000,1.2184300
EURUSD,15,20210111,104500,1.2184200,1.2185600,1.2176000,1.2178300
EURUSD,15,20210111,110000,1.2178500,1.2196500,1.2176000,1.2196200
EURUSD,15,20210111,111500,1.2196200,1.2198400,1.2189000,1.2192300
EURUSD,15,20210111,113000,1.2192700,1.2199800,1.2189000,1.2195600
EURUSD,15,20210111,114500,1.2195800,1.2198200,1.2181000,1.2190000
EURUSD,15,20210111,120000,1.2190400,1.2194000,1.2178000,1.2180400
EURUSD,15,20210111,121500,1.2180200,1.2186000,1.2177000,1.2180600
EURUSD,15,20210111,123000,1.2180900,1.2186900,1.2169000,1.2172000
EURUSD,15,20210111,124500,1.2171900,1.2172700,1.2158000,1.2160500
EURUSD,15,20210111,130000,1.2160500,1.2165000,1.2154000,1.2163900
EURUSD,15,20210111,131500,1.2164200,1.2164300,1.2153000,1.2159600
EURUSD,15,20210111,133000,1.2159500,1.2162900,1.2153000,1.2162800
EURUSD,15,20210111,134500,1.2162700,1.2167400,1.2160000,1.2166900
EURUSD,15,20210111,140000,1.2166900,1.2168900,1.2162000,1.2164200
EURUSD,15,20210111,141500,1.2164100,1.2167700,1.2157000,1.2161800
EURUSD,15,20210111,143000,1.2161400,1.2168400,1.2158000,1.2168200
EURUSD,15,20210111,144500,1.2167400,1.2169000,1.2163000,1.2166200
EURUSD,15,20210111,150000,1.2165400,1.2168300,1.2155000,1.2156700
EURUSD,15,20210111,151500,1.2156000,1.2165300,1.2153000,1.2165000
EURUSD,15,20210111,153000,1.2165000,1.2172100,1.2160000,1.2168600
EURUSD,15,20210111,154500,1.2168500,1.2169700,1.2162000,1.2165500
EURUSD,15,20210111,160000,1.2165900,1.2168200,1.2155000,1.2162500
EURUSD,15,20210111,161500,1.2162600,1.2164000,1.2152000,1.2155100
EURUSD,15,20210111,163000,1.2155200,1.2156100,1.2144000,1.2153800
EURUSD,15,20210111,164500,1.2153800,1.2155000,1.2138000,1.2144300
EURUSD,15,20210111,170000,1.2143700,1.2157400,1.2142000,1.2146000
EURUSD,15,20210111,171500,1.2147200,1.2153700,1.2134000,1.2149000
EURUSD,15,20210111,173000,1.2150200,1.2158000,1.2145000,1.2151300
EURUSD,15,20210111,174500,1.2151600,1.2151800,1.2132000,1.2137400
EURUSD,15,20210111,180000,1.2137400,1.2145700,1.2131000,1.2143900
EURUSD,15,20210111,181500,1.2143800,1.2153600,1.2142000,1.2151800
EURUSD,15,20210111,183000,1.2151800,1.2152200,1.2138000,1.2151600
EURUSD,15,20210111,184500,1.2151600,1.2155800,1.2144000,1.2149600
EURUSD,15,20210111,190000,1.2150400,1.2155400,1.2145000,1.2154500
EURUSD,15,20210111,191500,1.2154000,1.2162400,1.2148000,1.2160300
EURUSD,15,20210111,193000,1.2161100,1.2168200,1.2158000,1.2165800
EURUSD,15,20210111,194500,1.2164500,1.2171800,1.2163000,1.2168700
EURUSD,15,20210111,200000,1.2168900,1.2174300,1.2166000,1.2170700
EURUSD,15,20210111,201500,1.2170000,1.2172300,1.2165000,1.2167900
EURUSD,15,20210111,203000,1.2167900,1.2170700,1.2164000,1.2169800
EURUSD,15,20210111,204500,1.2170600,1.2171000,1.2164000,1.2166800
EURUSD,15,20210111,210000,1.2166000,1.2169700,1.2164000,1.2169700
EURUSD,15,20210111,211500,1.2169000,1.2171600,1.2165000,1.2169000
EURUSD,15,20210111,213000,1.2169900,1.2171300,1.2164000,1.2166200
EURUSD,15,20210111,214500,1.2166200,1.2167700,1.2161000,1.2165300
EURUSD,15,20210111,220000,1.2165400,1.2168700,1.2163000,1.2166100
EURUSD,15,20210111,221500,1.2166300,1.2169400,1.2162000,1.2164900
EURUSD,15,20210111,223000,1.2164700,1.2168500,1.2163000,1.2167400
EURUSD,15,20210111,224500,1.2167200,1.2167400,1.2159000,1.2162000
EURUSD,15,20210111,230000,1.2162200,1.2165200,1.2158000,1.2162000
EURUSD,15,20210111,231500,1.2161800,1.2164000,1.2154000,1.2156600
EURUSD,15,20210111,233000,1.2156700,1.2159300,1.2151000,1.2155900
EURUSD,15,20210111,234500,1.2155100,1.2159200,1.2151000,1.2152000
EURUSD,15,20210112,000000,1.2152000,1.2158000,1.2151000,1.2154400
EURUSD,15,20210112,001500,1.2154600,1.2158000,1.2152000,1.2153000
EURUSD,15,20210112,003000,1.2154500,1.2155000,1.2148000,1.2152000
EURUSD,15,20210112,004500,1.2152800,1.2154000,1.2147000,1.2149500
EURUSD,15,20210112,010000,1.2150500,1.2153100,1.2147600,1.2151500
EURUSD,15,20210112,011500,1.2151500,1.2157000,1.2147600,1.2152700
EURUSD,15,20210112,013000,1.2152900,1.2157200,1.2149000,1.2149000
EURUSD,15,20210112,014500,1.2152000,1.2154000,1.2148900,1.2152000
EURUSD,15,20210112,020000,1.2151000,1.2155000,1.2150000,1.2153000
EURUSD,15,20210112,021500,1.2153900,1.2158100,1.2152000,1.2155000
EURUSD,15,20210112,023000,1.2155900,1.2161500,1.2155000,1.2160600
EURUSD,15,20210112,024500,1.2159000,1.2161100,1.2155000,1.2159000
EURUSD,15,20210112,030000,1.2160600,1.2162100,1.2152000,1.2153300
EURUSD,15,20210112,031500,1.2154100,1.2155700,1.2150000,1.2153400
EURUSD,15,20210112,033000,1.2153900,1.2154400,1.2149000,1.2153000
EURUSD,15,20210112,034500,1.2152200,1.2160200,1.2151000,1.2159200
EURUSD,15,20210112,040000,1.2158500,1.2162100,1.2154000,1.2156300
EURUSD,15,20210112,041500,1.2157200,1.2158400,1.2139000,1.2141300
EURUSD,15,20210112,043000,1.2140500,1.2147000,1.2139000,1.2144000
EURUSD,15,20210112,044500,1.2143100,1.2150700,1.2141000,1.2149100
EURUSD,15,20210112,050000,1.2149000,1.2149400,1.2140000,1.2141600
EURUSD,15,20210112,051500,1.2142500,1.2144000,1.2140000,1.2143400
EURUSD,15,20210112,053000,1.2142600,1.2148000,1.2141000,1.2144900
EURUSD,15,20210112,054500,1.2144100,1.2147000,1.2141000,1.2144000
EURUSD,15,20210112,060000,1.2143800,1.2147000,1.2141000,1.2145000
EURUSD,15,20210112,061500,1.2145400,1.2147200,1.2143000,1.2146400
EURUSD,15,20210112,063000,1.2146200,1.2151000,1.2144000,1.2147300
EURUSD,15,20210112,064500,1.2147300,1.2149200,1.2144000,1.2146000
EURUSD,15,20210112,070000,1.2146000,1.2148500,1.2143000,1.2144700
EURUSD,15,20210112,071500,1.2145300,1.2146000,1.2140000,1.2141000
EURUSD,15,20210112,073000,1.2141800,1.2142100,1.2137000,1.2139000
EURUSD,15,20210112,074500,1.2139000,1.2143300,1.2137000,1.2142800
EURUSD,15,20210112,080000,1.2142500,1.2143000,1.2138000,1.2141200
EURUSD,15,20210112,081500,1.2141800,1.2144000,1.2139000,1.2142800
EURUSD,15,20210112,083000,1.2142700,1.2147500,1.2141000,1.2147100
EURUSD,15,20210112,084500,1.2147200,1.2155300,1.2145000,1.2153200
EURUSD,15,20210112,090000,1.2153100,1.2156200,1.2149000,1.2150900
EURUSD,15,20210112,091500,1.2150100,1.2152200,1.2147000,1.2150400
EURUSD,15,20210112,093000,1.2151000,1.2155600,1.2149000,1.2155300
EURUSD,15,20210112,094500,1.2155300,1.2161500,1.2153000,1.2160800
EURUSD,15,20210112,100000,1.2160600,1.2161300,1.2154000,1.2158000
EURUSD,15,20210112,101500,1.2158200,1.2169200,1.2157000,1.2167600
EURUSD,15,20210112,103000,1.2168200,1.2175200,1.2162000,1.2164700
EURUSD,15,20210112,104500,1.2165400,1.2166000,1.2157000,1.2162900
EURUSD,15,20210112,110000,1.2163400,1.2165700,1.2150000,1.2154300
EURUSD,15,20210112,111500,1.2154600,1.2160800,1.2149000,1.2156000
EURUSD,15,20210112,113000,1.2156000,1.2167100,1.2156000,1.2163100
EURUSD,15,20210112,114500,1.2163100,1.2164300,1.2149000,1.2151800
EURUSD,15,20210112,120000,1.2151900,1.2156900,1.2149000,1.2155400
EURUSD,15,20210112,121500,1.2155500,1.2179000,1.2150000,1.2177400
EURUSD,15,20210112,123000,1.2177500,1.2179000,1.2158000,1.2168800
EURUSD,15,20210112,124500,1.2168700,1.2172800,1.2156000,1.2161700
EURUSD,15,20210112,130000,1.2160900,1.2166700,1.2152000,1.2157000
EURUSD,15,20210112,131500,1.2157100,1.2159200,1.2151000,1.2153200
EURUSD,15,20210112,133000,1.2153100,1.2156000,1.2148000,1.2152900
EURUSD,15,20210112,134500,1.2152000,1.2156500,1.2142000,1.2145100
EURUSD,15,20210112,140000,1.2145300,1.2149000,1.2140000,1.2144300
EURUSD,15,20210112,141500,1.2144900,1.2149900,1.2139000,1.2149200
EURUSD,15,20210112,143000,1.2148500,1.2158300,1.2147000,1.2155500
EURUSD,15,20210112,144500,1.2155600,1.2158100,1.2148000,1.2151500
EURUSD,15,20210112,150000,1.2150700,1.2156900,1.2148000,1.2152400
EURUSD,15,20210112,151500,1.2152400,1.2159800,1.2148000,1.2157000
EURUSD,15,20210112,153000,1.2157100,1.2158500,1.2151000,1.2156200
EURUSD,15,20210112,154500,1.2155000,1.2158100,1.2150000,1.2154900
EURUSD,15,20210112,160000,1.2154900,1.2164800,1.2152000,1.2160900
EURUSD,15,20210112,161500,1.2161100,1.2162400,1.2144000,1.2153000
EURUSD,15,20210112,163000,1.2153000,1.2155500,1.2140000,1.2143800
EURUSD,15,20210112,164500,1.2144000,1.2152400,1.2139000,1.2146300
EURUSD,15,20210112,170000,1.2146200,1.2149700,1.2135000,1.2148000
EURUSD,15,20210112,171500,1.2148000,1.2157500,1.2145000,1.2145000
EURUSD,15,20210112,173000,1.2146500,1.2158700,1.2144000,1.2151700
EURUSD,15,20210112,174500,1.2151700,1.2154200,1.2142000,1.2151100
EURUSD,15,20210112,180000,1.2151100,1.2158600,1.2147000,1.2149800
EURUSD,15,20210112,181500,1.2150400,1.2163800,1.2148000,1.2156000
EURUSD,15,20210112,183000,1.2157200,1.2166400,1.2155000,1.2163100
EURUSD,15,20210112,184500,1.2163100,1.2163900,1.2149000,1.2155600
EURUSD,15,20210112,190000,1.2155500,1.2164100,1.2154000,1.2162700
EURUSD,15,20210112,191500,1.2162600,1.2166000,1.2154000,1.2155600
EURUSD,15,20210112,193000,1.2155200,1.2161700,1.2153000,1.2158900
EURUSD,15,20210112,194500,1.2159000,1.2168300,1.2157000,1.2168100
EURUSD,15,20210112,200000,1.2168200,1.2170500,1.2163000,1.2166900
EURUSD,15,20210112,201500,1.2167100,1.2172800,1.2161000,1.2172600
EURUSD,15,20210112,203000,1.2172600,1.2173900,1.2168000,1.2173100
EURUSD,15,20210112,204500,1.2173100,1.2178000,1.2169000,1.2173000
EURUSD,15,20210112,210000,1.2174500,1.2176700,1.2170000,1.2176200
EURUSD,15,20210112,211500,1.2175400,1.2183200,1.2173000,1.2183000
EURUSD,15,20210112,213000,1.2182800,1.2193100,1.2180000,1.2188500
EURUSD,15,20210112,214500,1.2188500,1.2191100,1.2184000,1.2186000
EURUSD,15,20210112,220000,1.2186200,1.2195900,1.2185000,1.2193700
EURUSD,15,20210112,221500,1.2194500,1.2201200,1.2191000,1.2199100
EURUSD,15,20210112,223000,1.2198900,1.2206800,1.2197000,1.2200000
EURUSD,15,20210112,224500,1.2201500,1.2206700,1.2198000,1.2199600
EURUSD,15,20210112,230000,1.2199500,1.2204800,1.2196000,1.2203100
EURUSD,15,20210112,231500,1.2203200,1.2205300,1.2199000,1.2202900
EURUSD,15,20210112,233000,1.2203500,1.2207000,1.2200000,1.2202400
EURUSD,15,20210112,234500,1.2202500,1.2208100,1.2201000,1.2204600
EURUSD,15,20210113,000000,1.2205500,1.2207500,1.2202000,1.2204400
EURUSD,15,20210113,001500,1.2204400,1.2206400,1.2201000,1.2206200
EURUSD,15,20210113,003000,1.2205200,1.2208800,1.2204000,1.2206100
EURUSD,15,20210113,004500,1.2205300,1.2209700,1.2204000,1.2205200
EURUSD,15,20210113,010000,1.2205700,1.2208000,1.2200900,1.2205000
EURUSD,15,20210113,011500,1.2205000,1.2207100,1.2199700,1.2200400
EURUSD,15,20210113,013000,1.2201400,1.2205100,1.2197700,1.2201700
EURUSD,15,20210113,014500,1.2202300,1.2205300,1.2196900,1.2204400
EURUSD,15,20210113,020000,1.2205300,1.2209000,1.2201000,1.2206000
EURUSD,15,20210113,021500,1.2205100,1.2208000,1.2200000,1.2207100
EURUSD,15,20210113,023000,1.2206900,1.2209400,1.2202000,1.2206900
EURUSD,15,20210113,024500,1.2207400,1.2208800,1.2205000,1.2208300
EURUSD,15,20210113,030000,1.2207800,1.2214200,1.2207000,1.2211300
EURUSD,15,20210113,031500,1.2211200,1.2216000,1.2208000,1.2210400
EURUSD,15,20210113,033000,1.2210400,1.2212600,1.2206000,1.2209600
EURUSD,15,20210113,034500,1.2209600,1.2213500,1.2206000,1.2207100
EURUSD,15,20210113,040000,1.2207900,1.2210800,1.2206000,1.2209700
EURUSD,15,20210113,041500,1.2209700,1.2214600,1.2204000,1.2214300
EURUSD,15,20210113,043000,1.2214300,1.2217100,1.2211000,1.2215600
EURUSD,15,20210113,044500,1.2216000,1.2218300,1.2213000,1.2216500
EURUSD,15,20210113,050000,1.2217300,1.2218200,1.2212000,1.2216000
EURUSD,15,20210113,051500,1.2216800,1.2218200,1.2215000,1.2216000
EURUSD,15,20210113,053000,1.2217500,1.2219300,1.2215000,1.2215700
EURUSD,15,20210113,054500,1.2215000,1.2217000,1.2210000,1.2212600
EURUSD,15,20210113,060000,1.2212700,1.2218300,1.2211000,1.2216000
EURUSD,15,20210113,061500,1.2216000,1.2220500,1.2213000,1.2219500
EURUSD,15,20210113,063000,1.2218900,1.2219500,1.2216000,1.2216900
EURUSD,15,20210113,064500,1.2217800,1.2218000,1.2213000,1.2215800
EURUSD,15,20210113,070000,1.2215000,1.2215900,1.2212000,1.2213000
EURUSD,15,20210113,071500,1.2214800,1.2215100,1.2211000,1.2212700
EURUSD,15,20210113,073000,1.2212800,1.2214000,1.2210000,1.2212000
EURUSD,15,20210113,074500,1.2212800,1.2213500,1.2207000,1.2208600
EURUSD,15,20210113,080000,1.2208500,1.2212600,1.2207000,1.2211800
EURUSD,15,20210113,081500,1.2211900,1.2214200,1.2209000,1.2210900
EURUSD,15,20210113,083000,1.2211700,1.2212100,1.2206000,1.2206800
EURUSD,15,20210113,084500,1.2207500,1.2211000,1.2206000,1.2208100
EURUSD,15,20210113,090000,1.2208900,1.2215100,1.2206000,1.2213800
EURUSD,15,20210113,091500,1.2213800,1.2217300,1.2210000,1.2216000
EURUSD,15,20210113,093000,1.2215600,1.2216800,1.2211000,1.2214200
EURUSD,15,20210113,094500,1.2214000,1.2216300,1.2210000,1.2213900
EURUSD,15,20210113,100000,1.2213900,1.2218600,1.2211000,1.2216100
EURUSD,15,20210113,101500,1.2216000,1.2219300,1.2211000,1.2219000
EURUSD,15,20210113,103000,1.2219300,1.2222900,1.2212000,1.2213900
EURUSD,15,20210113,104500,1.2214700,1.2216100,1.2201000,1.2203000
EURUSD,15,20210113,110000,1.2203100,1.2207800,1.2192000,1.2205500
EURUSD,15,20210113,111500,1.2205900,1.2207400,1.2194000,1.2196700
EURUSD,15,20210113,113000,1.2196700,1.2199500,1.2190000,1.2195000
EURUSD,15,20210113,114500,1.2195000,1.2195800,1.2184000,1.2190800
EURUSD,15,20210113,120000,1.2190900,1.2192800,1.2181000,1.2183400
EURUSD,15,20210113,121500,1.2183600,1.2192700,1.2181000,1.2189600
EURUSD,15,20210113,123000,1.2190400,1.2190700,1.2181000,1.2187200
EURUSD,15,20210113,124500,1.2187600,1.2191400,1.2183000,1.2189400
EURUSD,15,20210113,130000,1.2188000,1.2192000,1.2181000,1.2183700
EURUSD,15,20210113,131500,1.2183000,1.2184500,1.2172000,1.2174700
EURUSD,15,20210113,133000,1.2174900,1.2180400,1.2171000,1.2178600
EURUSD,15,20210113,134500,1.2178800,1.2180900,1.2174000,1.2177400
EURUSD,15,20210113,140000,1.2177400,1.2178800,1.2170000,1.2176000
EURUSD,15,20210113,141500,1.2176700,1.2177600,1.2170000,1.2175500
EURUSD,15,20210113,143000,1.2175500,1.2175700,1.2164000,1.2168300
EURUSD,15,20210113,144500,1.2167600,1.2170600,1.2159000,1.2162900
EURUSD,15,20210113,150000,1.2162800,1.2168300,1.2160000,1.2164000
EURUSD,15,20210113,151500,1.2164000,1.2172100,1.2161000,1.2167600
EURUSD,15,20210113,153000,1.2167600,1.2173700,1.2165000,1.2171600
EURUSD,15,20210113,154500,1.2172300,1.2175800,1.2168000,1.2172600
EURUSD,15,20210113,160000,1.2172900,1.2175500,1.2163000,1.2165700
EURUSD,15,20210113,161500,1.2165500,1.2170000,1.2161000,1.2168600
EURUSD,15,20210113,163000,1.2168800,1.2178600,1.2162000,1.2166000
EURUSD,15,20210113,164500,1.2166000,1.2167200,1.2153000,1.2161200
EURUSD,15,20210113,170000,1.2161100,1.2173300,1.2157000,1.2172500
EURUSD,15,20210113,171500,1.2172300,1.2174800,1.2154000,1.2156600
EURUSD,15,20210113,173000,1.2156500,1.2169400,1.2152000,1.2167200
EURUSD,15,20210113,174500,1.2167400,1.2172300,1.2160000,1.2163800
EURUSD,15,20210113,180000,1.2163700,1.2172000,1.2158000,1.2169000
EURUSD,15,20210113,181500,1.2171600,1.2180600,1.2168000,1.2176000
EURUSD,15,20210113,183000,1.2176700,1.2178500,1.2166000,1.2170000
EURUSD,15,20210113,184500,1.2170300,1.2176700,1.2156000,1.2159600
EURUSD,15,20210113,190000,1.2159100,1.2165600,1.2154000,1.2158300
EURUSD,15,20210113,191500,1.2158300,1.2159400,1.2150000,1.2157000
EURUSD,15,20210113,193000,1.2157700,1.2162700,1.2153000,1.2160000
EURUSD,15,20210113,194500,1.2161400,1.2161400,1.2155000,1.2157600
EURUSD,15,20210113,200000,1.2157600,1.2161200,1.2154000,1.2155600
EURUSD,15,20210113,201500,1.2155800,1.2157800,1.2138000,1.2157500
EURUSD,15,20210113,203000,1.2157500,1.2162100,1.2152000,1.2159600
EURUSD,15,20210113,204500,1.2159000,1.2169500,1.2158000,1.2165000
EURUSD,15,20210113,210000,1.2165100,1.2174800,1.2163000,1.2172800
EURUSD,15,20210113,211500,1.2172800,1.2173000,1.2164000,1.2165000
EURUSD,15,20210113,213000,1.2166500,1.2171200,1.2164000,1.2168300
EURUSD,15,20210113,214500,1.2167500,1.2168800,1.2159000,1.2161200
EURUSD,15,20210113,220000,1.2161200,1.2162800,1.2155000,1.2158100
EURUSD,15,20210113,221500,1.2157900,1.2161000,1.2152000,1.2156400
EURUSD,15,20210113,223000,1.2155500,1.2158700,1.2154000,1.2155800
EURUSD,15,20210113,224500,1.2156700,1.2159100,1.2151000,1.2153800
EURUSD,15,20210113,230000,1.2153700,1.2157500,1.2152000,1.2156600
EURUSD,15,20210113,231500,1.2156600,1.2157600,1.2153000,1.2156800
EURUSD,15,20210113,233000,1.2157500,1.2158100,1.2148000,1.2153100
EURUSD,15,20210113,234500,1.2153700,1.2155300,1.2147000,1.2154400
EURUSD,15,20210114,000000,1.2154300,1.2158100,1.2153000,1.2157200
EURUSD,15,20210114,001500,1.2157200,1.2157600,1.2152000,1.2155300
EURUSD,15,20210114,003000,1.2155900,1.2156200,1.2153000,1.2155200
EURUSD,15,20210114,004500,1.2155700,1.2158300,1.2152000,1.2156500
EURUSD,15,20210114,010000,1.2156600,1.2164000,1.2150000,1.2158700
EURUSD,15,20210114,011500,1.2164000,1.2166000,1.2152700,1.2158000
EURUSD,15,20210114,013000,1.2155500,1.2158300,1.2152600,1.2155100
EURUSD,15,20210114,014500,1.2154400,1.2158500,1.2152100,1.2156000
EURUSD,15,20210114,020000,1.2155700,1.2158600,1.2151500,1.2158500
EURUSD,15,20210114,021500,1.2158500,1.2160000,1.2155000,1.2157000
EURUSD,15,20210114,023000,1.2157000,1.2161000,1.2155000,1.2159200
EURUSD,15,20210114,024500,1.2158300,1.2163800,1.2157000,1.2161700
EURUSD,15,20210114,030000,1.2161900,1.2166000,1.2158000,1.2165000
EURUSD,15,20210114,031500,1.2164200,1.2171000,1.2162000,1.2170200
EURUSD,15,20210114,033000,1.2170200,1.2171000,1.2162000,1.2164100
EURUSD,15,20210114,034500,1.2164300,1.2166100,1.2161000,1.2164100
EURUSD,15,20210114,040000,1.2164600,1.2168200,1.2162000,1.2166600
EURUSD,15,20210114,041500,1.2165800,1.2171900,1.2163000,1.2167500
EURUSD,15,20210114,043000,1.2167600,1.2168700,1.2164000,1.2166600
EURUSD,15,20210114,044500,1.2166600,1.2167100,1.2164000,1.2166000
EURUSD,15,20210114,050000,1.2166000,1.2166400,1.2161000,1.2164900
EURUSD,15,20210114,051500,1.2165400,1.2169100,1.2147000,1.2148300
EURUSD,15,20210114,053000,1.2149100,1.2153700,1.2134000,1.2152600
EURUSD,15,20210114,054500,1.2152500,1.2156800,1.2148000,1.2152000
EURUSD,15,20210114,060000,1.2152200,1.2154000,1.2144000,1.2146100
EURUSD,15,20210114,061500,1.2146100,1.2148800,1.2139000,1.2140000
EURUSD,15,20210114,063000,1.2140800,1.2147800,1.2137000,1.2146700
EURUSD,15,20210114,064500,1.2146700,1.2147700,1.2142000,1.2144300
EURUSD,15,20210114,070000,1.2145000,1.2146600,1.2142000,1.2145100
EURUSD,15,20210114,071500,1.2145900,1.2147300,1.2142000,1.2146200
EURUSD,15,20210114,073000,1.2146000,1.2147000,1.2141000,1.2143600
EURUSD,15,20210114,074500,1.2143600,1.2150300,1.2142000,1.2149000
EURUSD,15,20210114,080000,1.2149600,1.2150200,1.2144000,1.2145500
EURUSD,15,20210114,081500,1.2146200,1.2149900,1.2143000,1.2147500
EURUSD,15,20210114,083000,1.2147300,1.2151100,1.2144000,1.2150800
EURUSD,15,20210114,084500,1.2150600,1.2155400,1.2148000,1.2155000
EURUSD,15,20210114,090000,1.2155000,1.2155300,1.2149000,1.2154500
EURUSD,15,20210114,091500,1.2154600,1.2155000,1.2148000,1.2150600
EURUSD,15,20210114,093000,1.2150600,1.2154700,1.2148000,1.2151000
EURUSD,15,20210114,094500,1.2151800,1.2153500,1.2148000,1.2149800
EURUSD,15,20210114,100000,1.2149900,1.2150600,1.2137000,1.2147600
EURUSD,15,20210114,101500,1.2147500,1.2149200,1.2141000,1.2146000
EURUSD,15,20210114,103000,1.2147100,1.2150500,1.2144000,1.2147000
EURUSD,15,20210114,104500,1.2147000,1.2148100,1.2134000,1.2142400
EURUSD,15,20210114,110000,1.2143100,1.2159100,1.2139000,1.2152100
EURUSD,15,20210114,111500,1.2152000,1.2158100,1.2146000,1.2147500
EURUSD,15,20210114,113000,1.2147300,1.2160100,1.2143000,1.2158500
EURUSD,15,20210114,114500,1.2157900,1.2162700,1.2153000,1.2158400
EURUSD,15,20210114,120000,1.2158200,1.2162000,1.2152000,1.2156200
EURUSD,15,20210114,121500,1.2156900,1.2157200,1.2148000,1.2153000
EURUSD,15,20210114,123000,1.2152700,1.2164900,1.2151000,1.2163100
EURUSD,15,20210114,124500,1.2163100,1.2167400,1.2160000,1.2166000
EURUSD,15,20210114,130000,1.2166100,1.2167100,1.2157000,1.2162500
EURUSD,15,20210114,131500,1.2162200,1.2163000,1.2155000,1.2160000
EURUSD,15,20210114,133000,1.2160600,1.2166400,1.2157000,1.2165800
EURUSD,15,20210114,134500,1.2166000,1.2167100,1.2162000,1.2165600
EURUSD,15,20210114,140000,1.2165500,1.2166400,1.2157000,1.2159400
EURUSD,15,20210114,141500,1.2159600,1.2161800,1.2152000,1.2154000
EURUSD,15,20210114,143000,1.2153000,1.2156400,1.2149000,1.2155600
EURUSD,15,20210114,144500,1.2155500,1.2157000,1.2147000,1.2151500
EURUSD,15,20210114,150000,1.2150700,1.2155800,1.2148000,1.2150200
EURUSD,15,20210114,151500,1.2149400,1.2152000,1.2139000,1.2143200
EURUSD,15,20210114,153000,1.2143200,1.2147400,1.2135000,1.2145000
EURUSD,15,20210114,154500,1.2144200,1.2149100,1.2123900,1.2129400
EURUSD,15,20210114,160000,1.2129400,1.2132100,1.2114000,1.2122000
EURUSD,15,20210114,161500,1.2123400,1.2123900,1.2110000,1.2112500
EURUSD,15,20210114,163000,1.2112500,1.2125500,1.2110000,1.2123000
EURUSD,15,20210114,164500,1.2123600,1.2128800,1.2116000,1.2119600
EURUSD,15,20210114,170000,1.2119800,1.2128700,1.2113000,1.2125900
EURUSD,15,20210114,171500,1.2125600,1.2128400,1.2115000,1.2119000
EURUSD,15,20210114,173000,1.2120800,1.2126100,1.2115000,1.2117900
EURUSD,15,20210114,174500,1.2117900,1.2123600,1.2112000,1.2116000
EURUSD,15,20210114,180000,1.2117200,1.2122000,1.2112000,1.2115400
EURUSD,15,20210114,181500,1.2115500,1.2121700,1.2110000,1.2120800
EURUSD,15,20210114,183000,1.2120800,1.2129500,1.2117000,1.2127000
EURUSD,15,20210114,184500,1.2128600,1.2139300,1.2126000,1.2135300
EURUSD,15,20210114,190000,1.2135300,1.2143900,1.2131000,1.2142500
EURUSD,15,20210114,191500,1.2142500,1.2148500,1.2137000,1.2148000
EURUSD,15,20210114,193000,1.2148100,1.2148500,1.2141000,1.2145900
EURUSD,15,20210114,194500,1.2145000,1.2158600,1.2145000,1.2154400
EURUSD,15,20210114,200000,1.2154500,1.2157600,1.2149000,1.2151700
EURUSD,15,20210114,201500,1.2152500,1.2154800,1.2147000,1.2152400
EURUSD,15,20210114,203000,1.2152300,1.2161000,1.2151000,1.2157600
EURUSD,15,20210114,204500,1.2157600,1.2178500,1.2153000,1.2165400
EURUSD,15,20210114,210000,1.2165400,1.2167300,1.2157000,1.2158900
EURUSD,15,20210114,211500,1.2158900,1.2177400,1.2151000,1.2154800
EURUSD,15,20210114,213000,1.2154900,1.2160200,1.2151000,1.2158300
EURUSD,15,20210114,214500,1.2158100,1.2160300,1.2149000,1.2150500
EURUSD,15,20210114,220000,1.2150500,1.2155000,1.2145000,1.2153900
EURUSD,15,20210114,221500,1.2153900,1.2154000,1.2146000,1.2151500
EURUSD,15,20210114,223000,1.2151700,1.2158000,1.2149000,1.2154600
EURUSD,15,20210114,224500,1.2154200,1.2157600,1.2151000,1.2154800
EURUSD,15,20210114,230000,1.2155200,1.2160100,1.2154000,1.2157400
EURUSD,15,20210114,231500,1.2157400,1.2159000,1.2153000,1.2158500
EURUSD,15,20210114,233000,1.2158500,1.2162700,1.2155000,1.2162500
EURUSD,15,20210114,234500,1.2161700,1.2165500,1.2159000,1.2164000
EURUSD,15,20210115,000000,1.2163200,1.2164800,1.2159000,1.2159000
EURUSD,15,20210115,001500,1.2160600,1.2161600,1.2157000,1.2159500
EURUSD,15,20210115,003000,1.2160300,1.2160800,1.2153000,1.2155300
EURUSD,15,20210115,004500,1.2155300,1.2157700,1.2150100,1.2151500
EURUSD,15,20210115,010000,1.2154000,1.2156400,1.2150000,1.2151800
EURUSD,15,20210115,011500,1.2151000,1.2155800,1.2150700,1.2153000
EURUSD,15,20210115,013000,1.2153100,1.2157500,1.2151200,1.2153200
EURUSD,15,20210115,014500,1.2153700,1.2155300,1.2150000,1.2151400
EURUSD,15,20210115,020000,1.2151400,1.2156100,1.2150300,1.2154500
EURUSD,15,20210115,021500,1.2155100,1.2156100,1.2151000,1.2151000
EURUSD,15,20210115,023000,1.2152800,1.2153100,1.2149000,1.2150800
EURUSD,15,20210115,024500,1.2151400,1.2152800,1.2148000,1.2150500
EURUSD,15,20210115,030000,1.2150500,1.2157700,1.2149000,1.2156400
EURUSD,15,20210115,031500,1.2156900,1.2162500,1.2154000,1.2158900
EURUSD,15,20210115,033000,1.2158600,1.2159400,1.2152000,1.2153200
EURUSD,15,20210115,034500,1.2153900,1.2155500,1.2151000,1.2154200
EURUSD,15,20210115,040000,1.2154300,1.2157600,1.2147000,1.2149200
EURUSD,15,20210115,041500,1.2148000,1.2154400,1.2148000,1.2152800
EURUSD,15,20210115,043000,1.2153400,1.2153400,1.2149000,1.2150600
EURUSD,15,20210115,044500,1.2150500,1.2152400,1.2147000,1.2150600
EURUSD,15,20210115,050000,1.2150600,1.2151300,1.2145000,1.2146900
EURUSD,15,20210115,051500,1.2146900,1.2147500,1.2142000,1.2146400
EURUSD,15,20210115,053000,1.2146500,1.2149300,1.2145000,1.2147200
EURUSD,15,20210115,054500,1.2147000,1.2151700,1.2146000,1.2150000
EURUSD,15,20210115,060000,1.2150000,1.2154600,1.2148000,1.2149900
EURUSD,15,20210115,061500,1.2149900,1.2154500,1.2149000,1.2154000
EURUSD,15,20210115,063000,1.2154000,1.2154200,1.2150000,1.2151100
EURUSD,15,20210115,064500,1.2151500,1.2153500,1.2148000,1.2149400
EURUSD,15,20210115,070000,1.2149300,1.2149600,1.2143000,1.2144000
EURUSD,15,20210115,071500,1.2145700,1.2148400,1.2142000,1.2147500
EURUSD,15,20210115,073000,1.2147600,1.2148900,1.2146000,1.2147600
EURUSD,15,20210115,074500,1.2146800,1.2151000,1.2144000,1.2146900
EURUSD,15,20210115,080000,1.2146700,1.2147000,1.2142000,1.2144000
EURUSD,15,20210115,081500,1.2144800,1.2145200,1.2137000,1.2141700
EURUSD,15,20210115,083000,1.2141300,1.2143000,1.2137000,1.2139000
EURUSD,15,20210115,084500,1.2140000,1.2140200,1.2134000,1.2139700
EURUSD,15,20210115,090000,1.2139900,1.2144000,1.2137000,1.2141100
EURUSD,15,20210115,091500,1.2140900,1.2141200,1.2136000,1.2138000
EURUSD,15,20210115,093000,1.2139700,1.2140100,1.2132000,1.2137400
EURUSD,15,20210115,094500,1.2138000,1.2138300,1.2132000,1.2137400
EURUSD,15,20210115,100000,1.2137400,1.2143700,1.2134000,1.2143200
EURUSD,15,20210115,101500,1.2143300,1.2146300,1.2140000,1.2144200
EURUSD,15,20210115,103000,1.2144300,1.2146800,1.2137000,1.2138200
EURUSD,15,20210115,104500,1.2138500,1.2139300,1.2133000,1.2134900
EURUSD,15,20210115,110000,1.2134000,1.2141300,1.2116000,1.2125100
EURUSD,15,20210115,111500,1.2125100,1.2127500,1.2118000,1.2120600
EURUSD,15,20210115,113000,1.2121500,1.2130700,1.2118000,1.2128300
EURUSD,15,20210115,114500,1.2128400,1.2132200,1.2120000,1.2130000
EURUSD,15,20210115,120000,1.2131000,1.2141600,1.2126000,1.2138000
EURUSD,15,20210115,121500,1.2138800,1.2139700,1.2133000,1.2135700
EURUSD,15,20210115,123000,1.2136200,1.2139700,1.2130000,1.2133000
EURUSD,15,20210115,124500,1.2134200,1.2139900,1.2131000,1.2138900
EURUSD,15,20210115,130000,1.2138900,1.2141300,1.2133000,1.2134000
EURUSD,15,20210115,131500,1.2135000,1.2140700,1.2132000,1.2138900
EURUSD,15,20210115,133000,1.2138900,1.2144400,1.2134000,1.2137000
EURUSD,15,20210115,134500,1.2137500,1.2138100,1.2125000,1.2131500
EURUSD,15,20210115,140000,1.2131700,1.2131800,1.2123000,1.2129800
EURUSD,15,20210115,141500,1.2130700,1.2137100,1.2129000,1.2135000
EURUSD,15,20210115,143000,1.2135900,1.2136300,1.2128000,1.2130800
EURUSD,15,20210115,144500,1.2131100,1.2133000,1.2120000,1.2122000
EURUSD,15,20210115,150000,1.2123100,1.2124400,1.2116000,1.2119600
EURUSD,15,20210115,151500,1.2119600,1.2124000,1.2114000,1.2120900
EURUSD,15,20210115,153000,1.2120900,1.2123900,1.2114000,1.2118800
EURUSD,15,20210115,154500,1.2118900,1.2125300,1.2116000,1.2121200
EURUSD,15,20210115,160000,1.2121600,1.2123000,1.2112000,1.2121900
EURUSD,15,20210115,161500,1.2122300,1.2126700,1.2120000,1.2124000
EURUSD,15,20210115,163000,1.2124100,1.2133000,1.2120000,1.2128900
EURUSD,15,20210115,164500,1.2128800,1.2129200,1.2113000,1.2115900
EURUSD,15,20210115,170000,1.2115200,1.2116700,1.2104000,1.2111000
EURUSD,15,20210115,171500,1.2110400,1.2114600,1.2103000,1.2110300
EURUSD,15,20210115,173000,1.2110300,1.2117800,1.2108000,1.2113500
EURUSD,15,20210115,174500,1.2113700,1.2117800,1.2092000,1.2097300
EURUSD,15,20210115,180000,1.2097100,1.2102000,1.2083000,1.2096400
EURUSD,15,20210115,181500,1.2096500,1.2097200,1.2080000,1.2085600
EURUSD,15,20210115,183000,1.2085400,1.2095800,1.2082000,1.2094900
EURUSD,15,20210115,184500,1.2094900,1.2097200,1.2084000,1.2093000
EURUSD,15,20210115,190000,1.2093300,1.2096600,1.2087000,1.2092800
EURUSD,15,20210115,191500,1.2092800,1.2100000,1.2086000,1.2096000
EURUSD,15,20210115,193000,1.2096900,1.2100200,1.2094000,1.2099300
EURUSD,15,20210115,194500,1.2099400,1.2100300,1.2091000,1.2096700
EURUSD,15,20210115,200000,1.2097500,1.2100200,1.2088000,1.2092300
EURUSD,15,20210115,201500,1.2092400,1.2096100,1.2089000,1.2090900
EURUSD,15,20210115,203000,1.2090000,1.2092600,1.2086000,1.2089300
EURUSD,15,20210115,204500,1.2089400,1.2095200,1.2086000,1.2092000
EURUSD,15,20210115,210000,1.2093500,1.2093600,1.2083000,1.2085300
EURUSD,15,20210115,211500,1.2085300,1.2088100,1.2081000,1.2082700
EURUSD,15,20210115,213000,1.2082900,1.2084300,1.2076000,1.2082100
EURUSD,15,20210115,214500,1.2082000,1.2083600,1.2076000,1.2080600
EURUSD,15,20210115,220000,1.2080600,1.2084400,1.2078000,1.2083000
EURUSD,15,20210115,221500,1.2083500,1.2084900,1.2081000,1.2082900
EURUSD,15,20210115,223000,1.2083200,1.2084200,1.2078000,1.2083200
EURUSD,15,20210115,224500,1.2083200,1.2083300,1.2075000,1.2076600
EURUSD,15,20210115,230000,1.2076600,1.2081200,1.2075000,1.2078000
EURUSD,15,20210115,231500,1.2079400,1.2081100,1.2077000,1.2079200
EURUSD,15,20210115,233000,1.2079400,1.2081900,1.2076000,1.2079100
EURUSD,15,20210115,234500,1.2079100,1.2081300,1.2076000,1.2078100
EURUSD,15,20210116,000000,1.2078200,1.2080000,1.2074000,1.2077700
EURUSD,15,20210116,001500,1.2077400,1.2078100,1.2074000,1.2074900
EURUSD,15,20210116,003000,1.2075600,1.2077500,1.2074000,1.2075800
EURUSD,15,20210116,004500,1.2076700,1.2077900,1.2072000,1.2074900
EURUSD,15,20210116,010000,1.2074900,1.2074900,1.2074900,1.2074900
EURUSD,15,20210116,011500,1.2074900,1.2074900,1.2074900,1.2074900
EURUSD,15,20210116,013000,1.2074900,1.2074900,1.2074900,1.2074900
EURUSD,15,20210116,014500,1.2074900,1.2074900,1.2074900,1.2074900
EURUSD,15,20210117,223000,1.2083100,1.2086100,1.2078600,1.2083500
EURUSD,15,20210117,224500,1.2083700,1.2088200,1.2083500,1.2083600
EURUSD,15,20210117,233000,1.2081000,1.2081000,1.2081000,1.2081000
EURUSD,15,20210118,001500,1.2082800,1.2082800,1.2082800,1.2082800
EURUSD,15,20210118,003000,1.2082700,1.2084700,1.2082600,1.2082600
EURUSD,15,20210118,004500,1.2082600,1.2083000,1.2080300,1.2080300
EURUSD,15,20210118,010000,1.2082300,1.2085000,1.2075100,1.2078700
EURUSD,15,20210118,011500,1.2079500,1.2083000,1.2077400,1.2078900
EURUSD,15,20210118,013000,1.2078600,1.2080400,1.2076100,1.2078700
EURUSD,15,20210118,014500,1.2078200,1.2079200,1.2075000,1.2077200
EURUSD,15,20210118,020000,1.2077100,1.2082000,1.2074400,1.2081000
EURUSD,15,20210118,021500,1.2082000,1.2086400,1.2080000,1.2083000
EURUSD,15,20210118,023000,1.2083800,1.2083900,1.2070700,1.2072900
EURUSD,15,20210118,024500,1.2072000,1.2076900,1.2065000,1.2065500
EURUSD,15,20210118,030000,1.2066400,1.2073000,1.2064000,1.2069300
EURUSD,15,20210118,031500,1.2069400,1.2076000,1.2067000,1.2073700
EURUSD,15,20210118,033000,1.2074200,1.2078000,1.2070000,1.2075000
EURUSD,15,20210118,034500,1.2075600,1.2078200,1.2073000,1.2075600
EURUSD,15,20210118,040000,1.2075300,1.2076800,1.2069000,1.2074500
EURUSD,15,20210118,041500,1.2073000,1.2076000,1.2071000,1.2074500
EURUSD,15,20210118,043000,1.2074300,1.2078000,1.2071000,1.2076000
EURUSD,15,20210118,044500,1.2076900,1.2081300,1.2075000,1.2077000
EURUSD,15,20210118,050000,1.2078500,1.2082200,1.2074000,1.2077700
EURUSD,15,20210118,051500,1.2077500,1.2080000,1.2075000,1.2079000
EURUSD,15,20210118,053000,1.2079000,1.2084100,1.2077000,1.2081700
EURUSD,15,20210118,054500,1.2081600,1.2084800,1.2079000,1.2082100
EURUSD,15,20210118,060000,1.2082500,1.2083100,1.2074000,1.2075000
EURUSD,15,20210118,061500,1.2076200,1.2076700,1.2069000,1.2071000
EURUSD,15,20210118,063000,1.2071500,1.2076500,1.2069000,1.2072200
EURUSD,15,20210118,064500,1.2072700,1.2075000,1.2068000,1.2073900
EURUSD,15,20210118,070000,1.2074100,1.2074500,1.2070000,1.2072300
EURUSD,15,20210118,071500,1.2072700,1.2074100,1.2066000,1.2068900
EURUSD,15,20210118,073000,1.2069300,1.2070000,1.2064000,1.2068200
EURUSD,15,20210118,074500,1.2068000,1.2070500,1.2065000,1.2069200
EURUSD,15,20210118,080000,1.2069600,1.2071200,1.2065000,1.2070700
EURUSD,15,20210118,081500,1.2070300,1.2071700,1.2064000,1.2070000
EURUSD,15,20210118,083000,1.2071100,1.2075300,1.2069000,1.2074400
EURUSD,15,20210118,084500,1.2074500,1.2077800,1.2071000,1.2077500
EURUSD,15,20210118,090000,1.2077600,1.2078800,1.2072000,1.2074500
EURUSD,15,20210118,091500,1.2073000,1.2078100,1.2072000,1.2076200
EURUSD,15,20210118,093000,1.2077200,1.2078300,1.2073000,1.2075800
EURUSD,15,20210118,094500,1.2076600,1.2082000,1.2075000,1.2079800
EURUSD,15,20210118,100000,1.2080800,1.2083800,1.2073000,1.2082600
EURUSD,15,20210118,101500,1.2082200,1.2086900,1.2078000,1.2078800
EURUSD,15,20210118,103000,1.2079700,1.2080100,1.2071000,1.2073900
EURUSD,15,20210118,104500,1.2074000,1.2079500,1.2065000,1.2066600
EURUSD,15,20210118,110000,1.2067500,1.2074300,1.2065000,1.2070400
EURUSD,15,20210118,111500,1.2069600,1.2076600,1.2067000,1.2071200
EURUSD,15,20210118,113000,1.2071100,1.2079800,1.2068000,1.2073000
EURUSD,15,20210118,114500,1.2075000,1.2079100,1.2067000,1.2069100
EURUSD,15,20210118,120000,1.2069300,1.2072600,1.2066000,1.2071200
EURUSD,15,20210118,121500,1.2071200,1.2075500,1.2067000,1.2069300
EURUSD,15,20210118,123000,1.2070200,1.2070500,1.2061000,1.2067700
EURUSD,15,20210118,124500,1.2068200,1.2069300,1.2057000,1.2062000
EURUSD,15,20210118,130000,1.2061900,1.2069600,1.2060000,1.2066800
EURUSD,15,20210118,131500,1.2067400,1.2069800,1.2059000,1.2061200
EURUSD,15,20210118,133000,1.2061300,1.2062700,1.2054000,1.2061000
EURUSD,15,20210118,134500,1.2061400,1.2068600,1.2060000,1.2065000
EURUSD,15,20210118,140000,1.2067100,1.2073200,1.2063000,1.2070300
EURUSD,15,20210118,141500,1.2070300,1.2075700,1.2067000,1.2070000
EURUSD,15,20210118,143000,1.2071400,1.2075200,1.2066000,1.2069800
EURUSD,15,20210118,144500,1.2070600,1.2071400,1.2061000,1.2065100
EURUSD,15,20210118,150000,1.2065100,1.2067200,1.2058000,1.2064000
EURUSD,15,20210118,151500,1.2064100,1.2064700,1.2058000,1.2059700
EURUSD,15,20210118,153000,1.2059700,1.2064200,1.2056000,1.2060900
EURUSD,15,20210118,154500,1.2060700,1.2061500,1.2052000,1.2055000
EURUSD,15,20210118,160000,1.2055900,1.2063600,1.2053000,1.2063200
EURUSD,15,20210118,161500,1.2063200,1.2067700,1.2061000,1.2064800
EURUSD,15,20210118,163000,1.2064700,1.2069400,1.2062000,1.2064000
EURUSD,15,20210118,164500,1.2064800,1.2067000,1.2062000,1.2066000
EURUSD,15,20210118,170000,1.2065800,1.2069200,1.2062000,1.2064000
EURUSD,15,20210118,171500,1.2064400,1.2067100,1.2061000,1.2065200
EURUSD,15,20210118,173000,1.2064900,1.2069300,1.2061000,1.2066300
EURUSD,15,20210118,174500,1.2066700,1.2072900,1.2065000,1.2071500
EURUSD,15,20210118,180000,1.2071600,1.2074000,1.2068000,1.2073300
EURUSD,15,20210118,181500,1.2073200,1.2074000,1.2068000,1.2068000
EURUSD,15,20210118,183000,1.2069600,1.2076800,1.2067000,1.2072000
EURUSD,15,20210118,184500,1.2072400,1.2076400,1.2066000,1.2074600
EURUSD,15,20210118,190000,1.2074600,1.2076800,1.2071000,1.2075200
EURUSD,15,20210118,191500,1.2074800,1.2078600,1.2073000,1.2077200
EURUSD,15,20210118,193000,1.2077300,1.2081000,1.2073000,1.2077900
EURUSD,15,20210118,194500,1.2078000,1.2080500,1.2075000,1.2076100
EURUSD,15,20210118,200000,1.2076300,1.2076600,1.2070000,1.2071900
EURUSD,15,20210118,201500,1.2071000,1.2073300,1.2069000,1.2071000
EURUSD,15,20210118,203000,1.2070900,1.2072500,1.2069000,1.2071900
EURUSD,15,20210118,204500,1.2071900,1.2075000,1.2069000,1.2074600
EURUSD,15,20210118,210000,1.2074700,1.2075300,1.2069500,1.2075300
EURUSD,15,20210118,211500,1.2074700,1.2075300,1.2070000,1.2073000
EURUSD,15,20210118,213000,1.2073800,1.2074800,1.2068300,1.2073000
EURUSD,15,20210118,214500,1.2074000,1.2078100,1.2071000,1.2073100
EURUSD,15,20210118,220000,1.2074000,1.2077700,1.2072000,1.2075000
EURUSD,15,20210118,221500,1.2075900,1.2080100,1.2074000,1.2078600
EURUSD,15,20210118,223000,1.2079400,1.2082100,1.2077000,1.2079000
EURUSD,15,20210118,224500,1.2079800,1.2081900,1.2076000,1.2079000
EURUSD,15,20210118,230000,1.2078800,1.2080700,1.2073700,1.2078900
EURUSD,15,20210118,231500,1.2080000,1.2080300,1.2078000,1.2080000
EURUSD,15,20210118,233000,1.2079900,1.2080900,1.2077000,1.2079000
EURUSD,15,20210118,234500,1.2079100,1.2079600,1.2075000,1.2076300
EURUSD,15,20210119,000000,1.2076600,1.2078400,1.2073000,1.2076300
EURUSD,15,20210119,001500,1.2075000,1.2078000,1.2073000,1.2075800
EURUSD,15,20210119,003000,1.2076600,1.2078400,1.2074000,1.2076900
EURUSD,15,20210119,004500,1.2077300,1.2081100,1.2074000,1.2074500
EURUSD,15,20210119,010000,1.2074400,1.2078000,1.2073800,1.2074200
EURUSD,15,20210119,011500,1.2074600,1.2078700,1.2073800,1.2074000
EURUSD,15,20210119,013000,1.2074800,1.2078100,1.2073900,1.2076300
EURUSD,15,20210119,014500,1.2076800,1.2078500,1.2075000,1.2076700
EURUSD,15,20210119,020000,1.2076900,1.2077500,1.2073000,1.2077300
EURUSD,15,20210119,021500,1.2077300,1.2077300,1.2072000,1.2075000
EURUSD,15,20210119,023000,1.2075900,1.2077900,1.2073000,1.2076700
EURUSD,15,20210119,024500,1.2076000,1.2078200,1.2074000,1.2076900
EURUSD,15,20210119,030000,1.2077800,1.2084600,1.2075000,1.2082800
EURUSD,15,20210119,031500,1.2082000,1.2085700,1.2079000,1.2081300
EURUSD,15,20210119,033000,1.2082200,1.2092800,1.2081000,1.2087800
EURUSD,15,20210119,034500,1.2087600,1.2088400,1.2081000,1.2085400
EURUSD,15,20210119,040000,1.2085500,1.2090100,1.2084000,1.2090000
EURUSD,15,20210119,041500,1.2089900,1.2092500,1.2086000,1.2091600
EURUSD,15,20210119,043000,1.2091400,1.2096800,1.2090000,1.2095800
EURUSD,15,20210119,044500,1.2095900,1.2096200,1.2091000,1.2093100
EURUSD,15,20210119,050000,1.2092400,1.2094400,1.2089000,1.2094100
EURUSD,15,20210119,051500,1.2093800,1.2097300,1.2092000,1.2094500
EURUSD,15,20210119,053000,1.2095400,1.2097300,1.2093000,1.2095500
EURUSD,15,20210119,054500,1.2096200,1.2097900,1.2093000,1.2093800
EURUSD,15,20210119,060000,1.2094600,1.2095000,1.2090000,1.2092000
EURUSD,15,20210119,061500,1.2093300,1.2096600,1.2091000,1.2096600
EURUSD,15,20210119,063000,1.2096300,1.2097500,1.2092000,1.2095000
EURUSD,15,20210119,064500,1.2095900,1.2098600,1.2094000,1.2096900
EURUSD,15,20210119,070000,1.2096900,1.2097300,1.2094000,1.2095000
EURUSD,15,20210119,071500,1.2095800,1.2096000,1.2092000,1.2093200
EURUSD,15,20210119,073000,1.2093600,1.2097000,1.2092000,1.2096300
EURUSD,15,20210119,074500,1.2096400,1.2096600,1.2093000,1.2095000
EURUSD,15,20210119,080000,1.2095400,1.2096100,1.2092000,1.2094200
EURUSD,15,20210119,081500,1.2094600,1.2096600,1.2093000,1.2095200
EURUSD,15,20210119,083000,1.2095500,1.2096000,1.2089000,1.2090500
EURUSD,15,20210119,084500,1.2090000,1.2097100,1.2089000,1.2096400
EURUSD,15,20210119,090000,1.2096800,1.2097900,1.2092000,1.2093700
EURUSD,15,20210119,091500,1.2094100,1.2096700,1.2092000,1.2094100
EURUSD,15,20210119,093000,1.2094100,1.2095200,1.2091000,1.2094800
EURUSD,15,20210119,094500,1.2094600,1.2097900,1.2092000,1.2097700
EURUSD,15,20210119,100000,1.2097600,1.2098600,1.2092000,1.2096500
EURUSD,15,20210119,101500,1.2096600,1.2096600,1.2084000,1.2089400
EURUSD,15,20210119,103000,1.2090300,1.2100600,1.2085000,1.2098500
EURUSD,15,20210119,104500,1.2098900,1.2107800,1.2096000,1.2103100
EURUSD,15,20210119,110000,1.2104100,1.2118800,1.2101000,1.2109400
EURUSD,15,20210119,111500,1.2109600,1.2118300,1.2107000,1.2115400
EURUSD,15,20210119,113000,1.2116300,1.2118200,1.2108000,1.2116100
EURUSD,15,20210119,114500,1.2116300,1.2116500,1.2107000,1.2109100
EURUSD,15,20210119,120000,1.2109300,1.2111700,1.2103000,1.2103500
EURUSD,15,20210119,121500,1.2104400,1.2114000,1.2101000,1.2113900
EURUSD,15,20210119,123000,1.2113000,1.2119100,1.2108000,1.2115400
EURUSD,15,20210119,124500,1.2116000,1.2122800,1.2114000,1.2117400
EURUSD,15,20210119,130000,1.2118300,1.2129500,1.2117000,1.2128300
EURUSD,15,20210119,131500,1.2128200,1.2130700,1.2122000,1.2127300
EURUSD,15,20210119,133000,1.2127400,1.2129500,1.2122000,1.2128000
EURUSD,15,20210119,134500,1.2129000,1.2134400,1.2125000,1.2128300
EURUSD,15,20210119,140000,1.2127000,1.2133900,1.2127000,1.2132200
EURUSD,15,20210119,141500,1.2132300,1.2137500,1.2128000,1.2130000
EURUSD,15,20210119,143000,1.2131300,1.2134600,1.2125000,1.2127300
EURUSD,15,20210119,144500,1.2127400,1.2130600,1.2125000,1.2127200
EURUSD,15,20210119,150000,1.2127100,1.2131400,1.2122000,1.2129700
EURUSD,15,20210119,151500,1.2129600,1.2133500,1.2126000,1.2129400
EURUSD,15,20210119,153000,1.2129100,1.2129500,1.2124000,1.2126000
EURUSD,15,20210119,154500,1.2126400,1.2131900,1.2123000,1.2125600
EURUSD,15,20210119,160000,1.2125800,1.2132200,1.2122000,1.2132000
EURUSD,15,20210119,161500,1.2132100,1.2133400,1.2126000,1.2129800
EURUSD,15,20210119,163000,1.2130700,1.2140400,1.2128000,1.2139200
EURUSD,15,20210119,164500,1.2139300,1.2141300,1.2133000,1.2136100
EURUSD,15,20210119,170000,1.2136000,1.2144800,1.2133000,1.2144300
EURUSD,15,20210119,171500,1.2144500,1.2145000,1.2139000,1.2140600
EURUSD,15,20210119,173000,1.2140600,1.2141200,1.2129000,1.2130000
EURUSD,15,20210119,174500,1.2131000,1.2133800,1.2121000,1.2126100
EURUSD,15,20210119,180000,1.2125800,1.2127800,1.2118000,1.2120000
EURUSD,15,20210119,181500,1.2120300,1.2126200,1.2117000,1.2123000
EURUSD,15,20210119,183000,1.2123600,1.2134900,1.2121000,1.2133000
EURUSD,15,20210119,184500,1.2133900,1.2135200,1.2121000,1.2128000
EURUSD,15,20210119,190000,1.2128000,1.2134100,1.2123000,1.2127700
EURUSD,15,20210119,191500,1.2128500,1.2129300,1.2116000,1.2119300
EURUSD,15,20210119,193000,1.2118000,1.2122600,1.2114000,1.2122400
EURUSD,15,20210119,194500,1.2121000,1.2126500,1.2120000,1.2124500
EURUSD,15,20210119,200000,1.2124900,1.2126000,1.2119000,1.2121000
EURUSD,15,20210119,201500,1.2121400,1.2122600,1.2115000,1.2118000
EURUSD,15,20210119,203000,1.2118000,1.2126300,1.2117000,1.2125400
EURUSD,15,20210119,204500,1.2125200,1.2125800,1.2115000,1.2121100
EURUSD,15,20210119,210000,1.2121200,1.2123500,1.2119000,1.2121300
EURUSD,15,20210119,211500,1.2122000,1.2124000,1.2118000,1.2119100
EURUSD,15,20210119,213000,1.2119900,1.2124400,1.2117000,1.2121000
EURUSD,15,20210119,214500,1.2121300,1.2125000,1.2119000,1.2120000
EURUSD,15,20210119,220000,1.2121300,1.2122500,1.2118000,1.2121900
EURUSD,15,20210119,221500,1.2121800,1.2123000,1.2118000,1.2119000
EURUSD,15,20210119,223000,1.2120300,1.2125500,1.2118000,1.2124700
EURUSD,15,20210119,224500,1.2125000,1.2129800,1.2122000,1.2125300
EURUSD,15,20210119,230000,1.2125100,1.2127700,1.2122000,1.2126100
EURUSD,15,20210119,231500,1.2126600,1.2128000,1.2123000,1.2125100
EURUSD,15,20210119,233000,1.2125000,1.2126600,1.2122000,1.2123000
EURUSD,15,20210119,234500,1.2123900,1.2127400,1.2121000,1.2126700
EURUSD,15,20210120,000000,1.2127000,1.2127000,1.2123000,1.2126000
EURUSD,15,20210120,001500,1.2126000,1.2127000,1.2124000,1.2126100
EURUSD,15,20210120,003000,1.2125900,1.2128400,1.2124000,1.2128300
EURUSD,15,20210120,004500,1.2127800,1.2129600,1.2125700,1.2128000
EURUSD,15,20210120,010000,1.2128400,1.2128500,1.2120100,1.2123900
EURUSD,15,20210120,011500,1.2123600,1.2128400,1.2122100,1.2125700
EURUSD,15,20210120,013000,1.2126100,1.2128300,1.2124100,1.2126800
EURUSD,15,20210120,014500,1.2126200,1.2129100,1.2124700,1.2127000
EURUSD,15,20210120,020000,1.2127900,1.2136800,1.2125000,1.2134500
EURUSD,15,20210120,021500,1.2134000,1.2139300,1.2132000,1.2137900
EURUSD,15,20210120,023000,1.2137900,1.2138900,1.2132000,1.2138400
EURUSD,15,20210120,024500,1.2138300,1.2139900,1.2135000,1.2139100
EURUSD,15,20210120,030000,1.2138900,1.2141600,1.2125000,1.2139300
EURUSD,15,20210120,031500,1.2139100,1.2143500,1.2136000,1.2142500
EURUSD,15,20210120,033000,1.2143400,1.2146800,1.2139000,1.2142000
EURUSD,15,20210120,034500,1.2142800,1.2144000,1.2139000,1.2141600
EURUSD,15,20210120,040000,1.2142400,1.2145100,1.2134000,1.2135700
EURUSD,15,20210120,041500,1.2135700,1.2140500,1.2134000,1.2136400
EURUSD,15,20210120,043000,1.2136900,1.2142800,1.2135000,1.2140200
EURUSD,15,20210120,044500,1.2141100,1.2143800,1.2139000,1.2140700
EURUSD,15,20210120,050000,1.2140700,1.2143900,1.2138000,1.2142500
EURUSD,15,20210120,051500,1.2141900,1.2146700,1.2140000,1.2146200
EURUSD,15,20210120,053000,1.2145400,1.2149600,1.2144000,1.2146000
EURUSD,15,20210120,054500,1.2147500,1.2148800,1.2141000,1.2143300
EURUSD,15,20210120,060000,1.2143000,1.2147100,1.2141000,1.2144300
EURUSD,15,20210120,061500,1.2145300,1.2147100,1.2141000,1.2142900
EURUSD,15,20210120,063000,1.2143600,1.2145400,1.2141000,1.2144700
EURUSD,15,20210120,064500,1.2144000,1.2145400,1.2141000,1.2143400
EURUSD,15,20210120,070000,1.2144200,1.2144500,1.2138000,1.2143200
EURUSD,15,20210120,071500,1.2144000,1.2144700,1.2140000,1.2141500
EURUSD,15,20210120,073000,1.2141000,1.2143200,1.2139000,1.2141000
EURUSD,15,20210120,074500,1.2142200,1.2143000,1.2138000,1.2140300
EURUSD,15,20210120,080000,1.2140500,1.2143700,1.2139000,1.2142000
EURUSD,15,20210120,081500,1.2143100,1.2144000,1.2139000,1.2140700
EURUSD,15,20210120,083000,1.2141700,1.2141700,1.2139000,1.2140000
EURUSD,15,20210120,084500,1.2140800,1.2144400,1.2139000,1.2144200
EURUSD,15,20210120,090000,1.2144200,1.2146600,1.2140000,1.2144500
EURUSD,15,20210120,091500,1.2143000,1.2145000,1.2140000,1.2143600
EURUSD,15,20210120,093000,1.2143800,1.2158000,1.2141000,1.2157000
EURUSD,15,20210120,094500,1.2157000,1.2157400,1.2146000,1.2147800
EURUSD,15,20210120,100000,1.2148600,1.2155600,1.2146000,1.2154000
EURUSD,15,20210120,101500,1.2155000,1.2157000,1.2151000,1.2154000
EURUSD,15,20210120,103000,1.2154600,1.2157300,1.2151000,1.2154900
EURUSD,15,20210120,104500,1.2155200,1.2157700,1.2152000,1.2155500
EURUSD,15,20210120,110000,1.2155700,1.2158200,1.2142000,1.2144400
EURUSD,15,20210120,111500,1.2144600,1.2147700,1.2138000,1.2142300
EURUSD,15,20210120,113000,1.2142300,1.2143300,1.2139000,1.2141100
